30 104
20 27
9 25 100 1
11 28 100 1
14 6 100 1
8 10 100 1
3 12 100 1
27 22 100 1
23 30 100 1
21 13 100 1
2 12 100 1
14 24 100 1
10 13 100 1
23 8 100 1
16 3 100 1
24 1 100 1
14 11 100 1
8 2 100 1
30 5 100 1
8 3 100 1
28 16 100 1
16 23 100 1
15 5 100 1
13 5 100 1
9 11 100 1
19 12 100 1
8 4 100 1
29 28 100 1
29 3 100 1
12 9 100 1
9 24 100 1
19 11 100 1
27 14 100 1
1 11 100 1
30 10 100 1
18 7 100 1
29 23 100 1
23 12 100 1
2 30 100 1
20 21 100 1
13 23 100 1
20 10 100 1
22 11 100 1
26 6 100 1
26 27 100 1
16 9 100 1
23 7 100 1
7 28 100 1
19 24 100 1
3 15 100 1
18 29 100 1
15 21 100 1
29 2 100 1
18 12 100 1
18 11 100 1
6 28 100 1
8 5 100 1
24 26 100 1
3 30 100 1
4 13 100 1
16 18 100 1
21 30 100 1
18 24 100 1
12 17 100 1
19 29 100 1
30 17 100 1
15 4 100 1
25 19 100 1
7 2 100 1
15 23 100 1
6 19 100 1
1 6 100 1
4 20 100 1
7 17 100 1
30 4 100 1
6 22 100 1
21 8 100 1
17 8 100 1
10 15 100 1
22 25 100 1
3 7 100 1
25 14 100 1
28 12 100 1
13 3 100 1
16 17 100 1
13 2 100 1
15 2 100 1
9 7 100 1
16 19 100 1
15 17 100 1
24 28 100 1
11 26 100 1
13 17 100 1
18 6 100 1
22 24 100 1
2 16 100 1
28 25 100 1
29 17 100 1
25 18 100 1
19 7 100 1
25 26 100 1
20 5 100 1
6 9 100 1
1 27 100 1
25 1 100 1
29 9 100 1
30 29
9 23
22 20 100 30
7 14 100 30
27 4 100 30
29 27 100 30
12 15 100 30
5 30 100 30
6 7 100 30
14 25 100 30
20 28 100 30
26 21 100 30
10 4 100 30
3 9 100 30
2 19 100 30
24 12 100 30
17 28 100 30
18 26 100 30
19 11 100 30
30 16 100 30
22 18 100 30
6 1 100 30
13 5 100 30
8 21 100 30
15 8 100 30
10 11 100 30
17 13 100 30
23 24 100 30
1 16 100 30
2 3 100 30
25 29 100 30
30 31
16 2
2 28 1 30
8 25 100 30
13 19 100 30
25 15 100 30
11 30 100 30
19 22 100 30
11 15 100 30
14 7 100 30
21 18 100 30
23 27 100 30
27 10 100 30
7 16 1 30
9 28 1 30
24 26 100 30
5 12 100 30
21 17 100 30
4 20 100 30
6 3 100 30
9 2 1 30
12 8 100 30
9 17 100 30
23 14 100 30
5 4 100 30
10 13 100 30
1 30 100 30
26 18 100 30
29 7 1 30
3 1 100 30
24 6 100 30
16 29 1 30
22 20 100 30
30 135
14 13
18 29 76 16
19 4 73 24
5 11 72 11
3 9 93 25
3 5 21 7
1 22 84 6
21 15 8 2
10 13 90 26
28 23 68 29
14 9 49 27
23 2 43 29
22 18 6 13
19 18 94 7
12 30 51 1
26 27 92 23
18 1 73 10
7 16 100 27
29 20 60 11
14 11 73 4
25 26 87 3
12 25 53 19
7 12 5 18
30 16 7 11
25 8 67 1
7 26 21 15
2 27 88 11
22 14 26 2
22 11 14 22
15 18 55 8
24 2 80 1
18 23 55 12
5 28 51 20
3 14 5 5
6 30 9 16
21 19 17 20
24 21 31 30
19 29 36 15
24 7 83 30
11 28 68 14
6 2 63 19
10 7 93 13
7 6 54 30
4 2 20 15
22 9 100 24
1 23 27 18
3 11 60 4
21 4 98 25
15 2 60 28
28 29 19 20
27 21 50 23
21 12 41 4
30 21 23 28
23 4 24 20
1 20 62 15
19 20 88 17
28 20 13 22
23 15 43 19
8 26 54 22
8 10 28 26
23 29 29 6
24 30 27 5
24 6 57 21
26 17 72 12
2 30 90 22
30 17 2 19
27 6 34 22
9 29 64 24
28 3 85 11
3 1 71 13
24 4 45 3
9 5 34 9
30 26 95 25
14 5 57 4
16 6 53 3
27 4 42 1
27 12 44 8
6 15 80 10
11 18 25 24
24 27 48 27
1 19 54 11
15 4 61 12
27 30 53 23
26 10 46 29
20 3 34 26
1 4 33 20
17 7 47 16
12 24 79 12
8 13 18 17
8 16 26 10
2 21 87 7
12 6 32 13
22 3 9 21
6 4 16 9
17 12 87 6
8 17 41 3
24 19 95 21
21 23 26 9
22 29 83 8
18 28 57 10
16 27 83 28
15 20 71 27
18 3 56 7
16 17 83 16
12 16 50 15
13 26 96 18
20 18 37 18
29 3 63 14
26 16 51 5
28 9 56 8
7 25 40 19
13 17 89 12
19 23 63 27
25 17 22 17
25 13 27 29
29 11 30 13
15 1 93 8
7 27 24 5
4 20 89 19
19 2 57 8
20 23 6 10
25 10 41 23
29 1 99 10
15 19 96 20
5 22 86 22
7 30 35 11
24 15 47 17
12 26 53 2
10 17 15 12
16 10 98 13
6 21 86 22
1 28 13 4
9 11 37 26
2 20 64 4
25 16 97 1
28 22 33 23
30 434
27 15
27 7 100 30
20 18 1 30
7 16 1 30
29 27 100 30
22 8 1 30
10 14 1 30
16 22 1 30
17 1 1 30
4 13 1 30
30 21 1 30
10 23 1 30
29 19 1 30
2 17 1 30
12 10 1 30
17 3 1 30
17 30 1 30
12 23 1 30
16 30 1 30
6 21 1 30
30 12 1 30
20 23 1 30
12 7 1 30
27 17 100 30
5 17 1 30
8 6 1 30
23 29 1 30
4 11 1 30
2 16 1 30
2 18 1 30
13 25 1 30
4 27 100 30
8 7 1 30
6 7 1 30
11 18 1 30
14 4 1 30
18 16 1 30
25 28 1 30
24 6 1 30
14 26 1 30
1 19 1 30
21 13 1 30
19 20 1 30
21 14 1 30
1 13 1 30
14 16 1 30
6 30 1 30
12 1 1 30
16 17 1 30
7 3 1 30
26 30 1 30
18 15 100 30
28 15 100 30
28 9 1 30
27 19 100 30
12 5 1 30
4 16 1 30
3 18 1 30
4 2 1 30
15 23 100 30
14 19 1 30
25 5 1 30
8 27 100 30
10 19 1 30
27 5 100 30
15 16 100 30
13 7 1 30
24 22 1 30
1 25 1 30
17 10 1 30
22 27 100 30
24 4 1 30
28 8 1 30
21 7 1 30
20 30 1 30
4 8 1 30
27 28 100 30
11 14 1 30
13 20 1 30
9 15 100 30
29 20 1 30
20 17 1 30
14 17 1 30
17 4 1 30
13 24 1 30
22 14 1 30
7 22 1 30
15 12 100 30
5 21 1 30
22 6 1 30
18 13 1 30
3 20 1 30
9 14 1 30
6 4 1 30
8 15 100 30
14 2 1 30
20 27 100 30
26 1 1 30
10 25 1 30
2 5 1 30
14 5 1 30
7 20 1 30
1 18 1 30
24 5 1 30
22 20 1 30
10 8 1 30
26 6 1 30
25 15 100 30
30 3 1 30
21 12 1 30
21 20 1 30
15 2 100 30
21 17 1 30
19 26 1 30
16 28 1 30
29 8 1 30
3 24 1 30
22 13 1 30
16 3 1 30
10 30 1 30
29 13 1 30
29 3 1 30
30 9 1 30
6 15 100 30
22 12 1 30
14 18 1 30
22 10 1 30
23 25 1 30
14 24 1 30
8 13 1 30
11 21 1 30
7 26 1 30
14 12 1 30
15 20 100 30
28 10 1 30
13 12 1 30
7 17 1 30
2 8 1 30
29 1 1 30
26 2 1 30
1 30 1 30
1 24 1 30
17 25 1 30
21 2 1 30
26 11 1 30
18 5 1 30
6 10 1 30
14 27 100 30
1 9 1 30
12 11 1 30
29 5 1 30
28 4 1 30
24 30 1 30
5 30 1 30
12 18 1 30
21 22 1 30
5 8 1 30
24 9 1 30
4 29 1 30
3 28 1 30
26 12 1 30
27 10 100 30
14 30 1 30
25 7 1 30
26 13 1 30
6 19 1 30
2 19 1 30
15 29 100 30
24 26 1 30
16 5 1 30
9 2 1 30
15 11 100 30
17 8 1 30
3 5 1 30
23 27 100 30
21 4 1 30
10 18 1 30
8 14 1 30
25 20 1 30
2 20 1 30
23 7 1 30
24 10 1 30
2 3 1 30
28 30 1 30
10 2 1 30
5 1 1 30
19 17 1 30
11 30 1 30
14 1 1 30
24 18 1 30
15 14 100 30
28 24 1 30
6 28 1 30
25 14 1 30
23 14 1 30
7 24 1 30
16 1 1 30
23 16 1 30
16 11 1 30
3 26 1 30
11 9 1 30
18 29 1 30
22 30 1 30
10 1 1 30
22 3 1 30
11 6 1 30
16 24 1 30
28 2 1 30
22 1 1 30
25 27 100 30
24 11 1 30
24 17 1 30
9 6 1 30
18 17 1 30
18 9 1 30
2 6 1 30
21 27 100 30
4 22 1 30
1 20 1 30
2 22 1 30
10 3 1 30
19 12 1 30
12 27 100 30
11 13 1 30
22 18 1 30
29 10 1 30
28 29 1 30
28 13 1 30
10 9 1 30
29 11 1 30
13 2 1 30
21 8 1 30
5 19 1 30
4 23 1 30
12 25 1 30
4 20 1 30
11 5 1 30
20 24 1 30
30 13 1 30
6 17 1 30
4 5 1 30
13 9 1 30
19 24 1 30
3 27 100 30
12 24 1 30
22 25 1 30
25 16 1 30
17 15 100 30
30 27 100 30
22 19 1 30
10 21 1 30
18 8 1 30
19 3 1 30
26 9 1 30
29 30 1 30
21 25 1 30
10 5 1 30
29 25 1 30
14 28 1 30
26 28 1 30
9 20 1 30
18 19 1 30
9 4 1 30
17 9 1 30
28 11 1 30
15 3 100 30
20 5 1 30
9 5 1 30
3 21 1 30
5 23 1 30
18 30 1 30
11 23 1 30
4 25 1 30
25 3 1 30
7 10 1 30
16 8 1 30
7 14 1 30
3 14 1 30
22 28 1 30
19 8 1 30
26 8 1 30
27 1 100 30
12 8 1 30
19 9 1 30
23 26 1 30
22 11 1 30
3 6 1 30
23 18 1 30
9 25 1 30
9 23 1 30
26 29 1 30
2 1 1 30
8 1 1 30
11 27 100 30
16 12 1 30
8 24 1 30
29 22 1 30
27 9 100 30
23 1 1 30
23 3 1 30
8 25 1 30
21 9 1 30
28 19 1 30
23 28 1 30
17 12 1 30
9 12 1 30
24 23 1 30
9 7 1 30
24 27 100 30
20 28 1 30
19 30 1 30
13 16 1 30
19 4 1 30
21 18 1 30
18 4 1 30
6 29 1 30
3 11 1 30
15 26 100 30
2 25 1 30
11 17 1 30
21 1 1 30
22 5 1 30
16 19 1 30
15 22 100 30
21 28 1 30
8 30 1 30
18 6 1 30
3 8 1 30
29 12 1 30
23 30 1 30
14 6 1 30
21 26 1 30
28 17 1 30
19 21 1 30
1 6 1 30
7 28 1 30
14 13 1 30
12 28 1 30
11 19 1 30
23 17 1 30
25 26 1 30
23 8 1 30
1 28 1 30
1 7 1 30
4 15 100 30
4 26 1 30
30 15 100 30
13 27 100 30
11 7 1 30
19 15 100 30
16 9 1 30
15 7 100 30
26 20 1 30
3 9 1 30
17 29 1 30
5 26 1 30
4 7 1 30
2 29 1 30
15 13 100 30
20 14 1 30
13 10 1 30
2 30 1 30
26 27 100 30
12 20 1 30
12 4 1 30
4 3 1 30
6 23 1 30
23 2 1 30
23 21 1 30
25 30 1 30
19 25 1 30
8 9 1 30
2 11 1 30
22 23 1 30
7 18 1 30
16 6 1 30
8 20 1 30
24 29 1 30
19 13 1 30
11 20 1 30
19 23 1 30
10 20 1 30
15 5 100 30
28 18 1 30
25 11 1 30
26 16 1 30
15 24 100 30
27 2 100 30
3 12 1 30
14 29 1 30
1 15 100 30
17 13 1 30
6 20 1 30
10 4 1 30
12 6 1 30
21 16 1 30
15 10 100 30
23 13 1 30
2 7 1 30
5 6 1 30
16 10 1 30
21 24 1 30
25 24 1 30
4 30 1 30
5 13 1 30
10 26 1 30
16 20 1 30
13 3 1 30
11 10 1 30
22 17 1 30
18 26 1 30
11 1 1 30
29 9 1 30
7 5 1 30
21 15 100 30
6 13 1 30
16 27 100 30
29 16 1 30
22 9 1 30
25 18 1 30
2 12 1 30
19 7 1 30
11 8 1 30
2 24 1 30
3 1 1 30
30 7 1 30
4 1 1 30
6 25 1 30
27 18 100 30
5 28 1 30
7 29 1 30
29 21 1 30
17 26 1 30
6 27 100 30
26 22 1 30
30 39
17 23
24 12 2 30
2 26 2 30
29 16 98 24
19 1 1 30
26 27 98 8
9 3 3 30
18 29 3 30
21 28 93 9
9 15 3 30
28 18 1 30
27 6 3 30
10 30 1 30
17 19 1 30
14 26 1 30
11 7 97 7
19 4 98 17
21 24 2 30
22 11 3 30
5 13 90 18
20 23 1 30
30 5 3 30
8 15 98 12
14 2 3 30
1 17 2 30
25 7 2 30
10 12 97 9
14 3 96 22
10 5 1 30
12 21 3 30
16 20 2 30
4 11 3 30
8 25 2 30
13 6 1 30
15 3 1 30
8 7 3 30
23 16 1 30
28 29 3 30
13 27 1 30
4 22 1 30
22 28
4 18
19 6 100 22
8 7 44 23
1 11 8 6
12 18 54 16
19 3 85 22
21 22 50 5
20 13 99 27
8 5 17 7
13 18 25 8
3 4 63 15
15 10 67 4
7 14 57 23
11 10 100 23
10 12 43 12
19 16 70 13
15 1 27 28
14 12 79 6
5 4 60 29
17 21 94 19
2 14 63 22
21 13 34 26
17 9 44 26
8 2 73 6
3 9 75 25
22 9 29 1
6 20 80 28
16 20 51 29
1 5 55 25
30 435
3 8
2 28 1 1
26 7 43 1
7 13 9 1
24 16 19 1
7 24 25 1
14 28 15 1
20 12 53 1
15 23 37 1
16 23 3 1
3 1 25 1
5 15 31 1
11 30 29 1
7 21 31 1
9 30 19 1
17 2 3 1
28 12 33 1
9 1 1 1
23 29 35 1
29 19 23 1
19 14 31 1
17 22 5 1
17 19 9 1
22 25 13 1
19 12 17 1
30 25 37 1
26 3 49 1
1 19 5 1
20 17 25 1
11 25 7 1
25 29 33 1
6 18 31 1
8 25 47 1
26 6 27 1
3 9 27 1
21 30 9 1
28 15 9 1
16 28 23 1
17 12 27 1
24 19 11 1
18 17 23 1
21 12 35 1
28 19 15 1
22 14 27 1
3 2 33 1
13 18 37 1
23 19 11 1
6 29 21 1
28 13 19 1
28 29 7 1
24 6 9 1
27 16 29 1
24 10 27 1
30 16 35 1
4 1 13 1
6 3 21 1
16 20 43 1
14 12 49 1
16 29 31 1
10 6 17 1
27 1 15 1
8 4 17 1
14 8 5 1
8 7 51 1
13 22 7 1
22 5 9 1
19 16 7 1
27 8 15 1
21 16 25 1
11 23 9 1
17 11 11 1
23 18 45 1
24 18 21 1
29 9 15 1
3 15 45 1
8 22 33 1
28 18 17 1
18 30 5 1
7 30 41 1
28 5 21 1
29 7 37 1
10 30 43 1
23 4 31 1
28 8 21 1
19 18 33 1
17 9 1 1
26 13 33 1
10 5 9 1
17 10 25 1
25 24 21 1
23 21 29 1
1 14 25 1
27 15 3 1
5 27 27 1
29 20 11 1
24 5 17 1
2 25 23 1
25 17 19 1
29 26 5 1
7 28 29 1
24 23 23 1
15 16 33 1
25 15 35 1
21 19 17 1
18 16 41 1
12 22 21 1
24 3 31 1
26 4 9 1
19 10 15 1
11 27 23 1
3 8 57 1
8 24 25 1
17 15 15 1
5 20 41 1
26 25 39 1
10 8 53 1
25 14 41 1
2 18 19 1
16 25 1 1
5 25 3 1
28 21 1 1
12 25 7 1
5 23 5 1
15 19 25 1
1 20 29 1
22 2 9 1
2 26 15 1
2 19 13 1
4 25 29 1
7 12 3 1
26 24 17 1
9 5 13 1
2 10 29 1
20 22 31 1
6 21 15 1
9 21 9 1
4 15 5 1
9 25 17 1
13 5 1 1
27 10 37 1
23 22 15 1
16 2 21 1
30 12 45 1
6 20 33 1
29 10 39 1
19 26 29 1
29 1 17 1
4 12 37 1
29 2 9 1
11 13 1 1
13 20 39 1
22 16 11 1
28 1 9 1
26 16 37 1
22 21 13 1
19 11 1 1
21 3 37 1
8 23 49 1
15 9 17 1
6 11 3 1
8 13 41 1
7 5 7 1
13 19 3 1
20 2 21 1
22 28 11 1
12 26 47 1
23 3 7 1
11 14 33 1
15 10 41 1
17 28 5 1
6 1 3 1
27 24 9 1
9 24 3 1
13 6 5 1
10 12 1 1
16 12 9 1
2 1 7 1
29 18 9 1
21 1 11 1
29 27 1 1
4 16 27 1
23 10 3 1
9 22 3 1
1 13 9 1
3 7 5 1
4 5 25 1
10 21 33 1
16 1 13 1
17 8 27 1
30 13 31 1
5 11 3 1
18 20 1 1
9 20 27 1
14 9 23 1
26 5 35 1
5 14 37 1
25 18 43 1
18 10 49 1
5 21 23 1
14 6 29 1
17 1 3 1
6 17 7 1
26 30 1 1
9 23 19 1
1 10 21 1
16 6 9 1
19 9 7 1
21 17 7 1
11 2 15 1
1 8 31 1
1 11 7 1
12 27 39 1
3 11 17 1
19 5 5 1
30 22 23 1
1 22 1 1
23 25 1 1
28 24 3 1
3 17 29 1
30 6 25 1
22 19 3 1
14 7 45 1
5 6 7 1
5 17 15 1
3 5 13 1
22 3 23 1
4 2 5 1
25 21 27 1
10 4 35 1
5 16 1 1
14 13 35 1
7 10 1 1
14 30 3 1
23 7 1 1
11 16 5 1
28 26 13 1
18 14 1 1
2 7 27 1
4 17 9 1
28 30 11 1
19 7 13 1
24 15 13 1
8 11 39 1
7 27 35 1
9 13 11 1
24 2 1 1
15 18 7 1
23 26 41 1
2 27 7 1
18 27 11 1
13 17 13 1
28 20 19 1
8 2 23 1
5 30 33 1
9 12 25 1
24 12 29 1
12 11 15 1
20 26 5 1
29 11 25 1
16 3 11 1
11 26 31 1
11 21 19 1
25 13 5 1
2 21 3 1
12 3 1 1
1 12 23 1
15 2 11 1
8 29 13 1
7 1 19 1
16 7 5 1
18 22 29 1
13 16 3 1
27 17 11 1
11 15 27 1
26 8 7 1
24 4 7 1
23 2 25 1
14 29 7 1
3 30 47 1
30 24 15 1
22 4 15 1
14 23 43 1
15 30 1 1
10 16 7 1
9 10 23 1
21 20 17 1
6 8 35 1
30 8 9 1
26 1 23 1
27 4 1 1
8 12 55 1
20 24 23 1
30 27 5 1
6 4 17 1
17 29 13 1
27 22 17 1
23 27 33 1
13 15 29 1
29 13 27 1
9 4 11 1
9 16 15 1
6 22 1 1
4 13 23 1
27 14 9 1
26 9 21 1
4 11 21 1
17 14 21 1
11 22 5 1
3 20 55 1
23 30 39 1
15 29 1 1
11 7 11 1
9 11 9 1
10 26 45 1
10 14 47 1
9 2 5 1
29 3 43 1
8 5 43 1
25 10 5 1
6 23 13 1
6 27 19 1
24 29 11 1
6 28 13 1
19 8 37 1
1 15 19 1
20 27 13 1
7 15 39 1
24 1 5 1
26 15 3 1
20 10 51 1
15 12 43 1
5 29 29 1
18 3 53 1
17 23 21 1
27 3 41 1
24 22 7 1
24 21 5 1
4 14 11 1
1 25 15 1
20 7 49 1
8 21 19 1
27 9 13 1
10 28 31 1
18 11 35 1
7 18 47 1
23 12 5 1
3 19 19 1
29 4 3 1
2 30 13 1
11 20 37 1
21 27 3 1
21 4 1 1
2 5 19 1
29 22 19 1
4 3 39 1
1 5 11 1
16 17 17 1
22 15 21 1
21 14 13 1
6 9 5 1
6 7 15 1
5 12 11 1
15 20 9 1
26 27 7 1
3 13 15 1
20 30 7 1
28 25 25 1
22 7 17 1
25 7 3 1
19 30 27 1
20 8 1 1
25 3 9 1
28 3 35 1
20 4 15 1
21 26 11 1
4 30 7 1
24 11 13 1
25 19 9 1
19 20 35 1
9 8 29 1
24 13 15 1
18 21 15 1
15 6 23 1
14 20 3 1
13 21 21 1
7 4 33 1
12 29 41 1
14 3 51 1
7 9 21 1
15 8 11 1
2 12 31 1
18 9 25 1
15 21 7 1
1 18 27 1
11 28 17 1
14 16 39 1
16 8 45 1
13 23 7 1
15 14 5 1
17 26 19 1
17 24 1 1
9 28 7 1
28 27 5 1
20 23 47 1
29 30 3 1
28 23 27 1
14 26 1 1
17 7 23 1
11 10 13 1
25 6 11 1
24 14 19 1
12 18 51 1
6 2 11 1
12 13 13 1
6 19 1 1
26 22 25 1
20 25 45 1
17 30 17 1
4 28 3 1
5 18 39 1
12 6 19 1
13 27 25 1
18 4 13 1
2 13 17 1
8 18 3 1
26 18 3 1
27 25 31 1
21 29 5 1
19 27 21 1
10 3 3 1
14 2 17 1
1 30 21 1
19 4 19 1
13 10 11 1
23 1 17 1
22 10 19 1
30 104
21 17
25 28 2 27
21 29 43 12
30 21 57 15
26 12 56 16
13 3 69 2
7 12 53 4
21 10 58 9
27 7 30 27
4 17 92 7
22 7 57 4
7 25 38 27
20 1 45 22
12 5 1 27
10 5 70 4
26 30 37 16
3 16 8 23
15 14 88 13
12 6 3 24
29 9 62 11
19 25 21 5
18 20 73 12
11 17 34 2
22 26 73 22
22 5 11 11
15 2 24 3
9 24 37 19
13 15 51 22
23 21 93 9
19 24 65 28
25 3 82 12
8 16 98 26
6 27 64 15
18 11 51 2
8 25 5 17
9 22 60 14
10 9 75 22
6 23 88 2
7 2 86 6
26 24 86 28
10 6 34 16
14 28 34 25
6 30 45 8
14 19 10 1
1 13 58 30
14 8 30 28
7 13 63 29
26 27 13 10
19 27 14 2
12 28 78 28
8 13 49 29
23 26 21 10
9 30 97 30
17 20 77 23
28 13 16 25
2 28 41 26
7 24 53 11
14 7 63 18
22 15 49 22
23 5 4 17
27 9 16 24
22 28 59 8
2 8 85 24
13 18 67 24
1 14 62 4
6 29 86 21
3 11 59 25
5 27 2 28
16 18 37 29
17 16 88 19
9 23 45 10
9 12 72 28
15 24 48 22
8 4 7 15
8 11 95 17
18 14 31 4
5 30 74 4
14 3 98 14
27 15 15 15
2 1 26 18
28 27 11 9
1 4 25 13
16 1 34 28
19 22 31 21
3 20 1 25
19 2 63 30
29 26 81 18
1 11 98 26
8 20 55 25
24 6 72 15
15 25 76 7
18 2 33 8
4 18 80 28
24 28 44 27
24 5 4 11
2 3 31 18
12 15 84 11
13 19 12 10
25 18 2 19
3 4 96 12
12 19 49 8
26 10 95 24
25 1 77 24
22 6 29 15
5 29 77 14
30 53
3 14
26 6 83 21
20 23 7 3
29 24 22 10
4 16 29 7
26 23 65 20
5 7 36 5
16 14 63 10
12 30 4 4
23 16 43 10
12 14 26 17
3 12 38 29
6 2 50 15
28 23 28 7
25 27 99 11
13 30 74 22
30 20 10 25
8 18 37 6
6 3 79 7
16 13 38 28
3 25 39 21
24 11 9 29
25 21 32 9
11 18 93 1
9 22 54 18
1 7 24 20
26 19 77 13
27 4 22 27
19 21 38 27
29 23 73 12
14 15 65 12
28 30 59 9
15 7 5 29
26 18 65 21
22 5 75 15
12 6 19 16
21 29 88 11
15 22 5 15
14 8 95 26
18 22 10 1
11 13 11 5
25 13 78 27
1 5 8 17
8 17 85 18
12 28 88 23
11 29 48 5
4 9 68 7
24 26 40 12
7 17 3 20
4 10 76 24
19 14 84 20
7 12 88 20
9 8 32 16
4 5 84 15
30 29
6 1
10 4 80 14
26 2 64 10
28 29 32 16
5 25 38 29
19 24 86 7
15 27 39 14
15 3 74 6
16 4 100 11
18 13 81 5
29 11 28 3
14 30 33 20
19 21 37 21
13 9 6 29
5 9 47 10
7 30 83 5
12 1 82 17
17 28 31 2
22 10 30 7
27 25 41 4
16 14 41 27
6 11 54 25
22 20 8 30
3 7 16 2
23 8 64 30
24 2 33 26
8 26 8 3
21 12 33 2
17 20 68 11
23 18 79 30
30 104
24 13
24 7 3 1
19 11 5 1
16 25 3 1
10 6 5 1
3 8 1 1
7 23 4 1
19 10 7 1
19 30 7 1
9 21 10 1
30 2 5 1
3 28 9 1
17 20 5 1
16 21 9 1
7 4 5 1
6 16 7 1
14 10 9 1
20 27 3 1
19 9 1 1
8 24 4 1
28 11 4 1
6 4 4 1
29 1 10 1
30 22 10 1
13 27 7 1
4 18 7 1
2 10 8 1
5 2 6 1
6 3 8 1
16 28 5 1
26 20 4 1
27 12 1 1
25 9 4 1
12 26 2 1
27 30 7 1
22 12 4 1
5 26 6 1
12 2 8 1
11 2 6 1
25 3 10 1
4 1 9 1
3 1 7 1
3 18 5 1
17 13 3 1
26 30 8 1
5 19 8 1
21 4 3 1
17 5 7 1
13 22 1 1
15 5 2 1
22 20 6 1
8 23 2 1
25 10 1 1
17 12 3 1
30 14 3 1
2 16 4 1
15 30 1 1
4 8 3 1
19 20 9 1
5 14 4 1
12 15 4 1
18 23 6 1
28 10 3 1
7 29 6 1
14 12 6 1
14 11 7 1
20 14 5 1
23 6 6 1
9 28 6 1
4 25 6 1
22 5 8 1
19 16 3 1
1 23 8 1
15 20 3 1
21 10 7 1
29 25 4 1
16 15 6 1
7 3 3 1
21 3 7 1
28 29 3 1
23 28 7 1
16 14 5 1
11 15 8 1
17 30 9 1
4 28 5 1
6 11 6 1
21 11 8 1
13 26 5 1
29 18 8 1
29 6 2 1
21 29 1 1
18 24 2 1
15 10 10 1
29 8 4 1
9 14 3 1
15 9 4 1
23 25 8 1
1 24 1 1
12 19 10 1
2 9 2 1
23 21 5 1
9 6 8 1
27 5 5 1
25 11 2 1
2 20 7 1
8 0
2 6
30 435
3 11
26 22 7 30
5 21 10 30
15 17 4 30
6 27 10 30
29 22 2 30
29 13 10 30
21 15 7 30
16 12 2 30
26 6 13 30
1 22 18 30
11 22 20 30
10 11 25 30
29 6 8 30
16 14 10 30
4 25 2 30
27 24 9 30
14 18 12 30
11 1 2 30
8 23 13 30
27 17 11 30
27 11 24 30
7 5 5 30
25 27 16 30
28 30 22 30
30 18 5 30
14 30 17 30
2 3 10 30
13 22 8 30
3 16 28 30
22 4 10 30
7 9 14 30
5 15 17 30
10 3 4 30
24 10 10 30
28 25 2 30
5 28 20 30
22 14 9 30
29 23 4 30
16 26 26 30
24 19 11 30
3 7 8 30
9 3 22 30
3 30 1 30
21 11 16 30
7 14 10 30
21 25 8 30
4 28 4 30
9 25 1 30
1 18 21 30
20 25 9 30
23 3 11 30
18 11 23 30
7 25 13 30
16 11 1 30
1 5 24 30
23 20 1 30
26 27 3 30
27 22 4 30
18 8 18 30
1 30 26 30
21 12 13 30
25 24 7 30
30 12 25 30
10 25 17 30
12 27 21 30
29 7 1 30
8 13 7 30
5 9 19 30
15 14 2 30
5 20 9 30
23 14 7 30
5 19 22 30
28 3 23 30
23 7 3 30
29 1 20 30
23 24 3 30
7 10 4 30
28 27 18 30
17 22 7 30
22 19 16 30
25 29 14 30
26 1 25 30
9 26 20 30
24 2 4 30
4 8 5 30
22 10 5 30
29 27 2 30
26 2 8 30
14 4 1 30
19 14 7 30
26 25 19 30
10 17 12 30
7 28 15 30
7 24 6 30
26 4 17 30
9 28 1 30
25 23 10 30
15 18 14 30
22 25 12 30
29 12 19 30
11 12 3 30
15 20 8 30
14 12 8 30
4 30 18 30
21 6 2 30
4 20 7 30
21 13 4 30
20 18 6 30
15 7 12 30
22 18 3 30
20 19 13 30
23 9 11 30
14 24 4 30
7 11 21 30
23 1 16 30
12 22 17 30
24 4 5 30
10 18 2 30
5 12 23 30
30 23 10 30
23 6 4 30
16 10 24 30
10 20 8 30
21 1 14 30
6 20 3 30
1 20 15 30
16 5 25 30
24 18 8 30
19 17 9 30
10 8 20 30
2 9 12 30
26 10 2 30
29 24 7 30
4 19 6 30
10 13 13 30
1 2 17 30
8 21 11 30
29 14 11 30
5 27 2 30
24 9 8 30
5 18 3 30
17 13 1 30
17 24 2 30
6 24 1 30
26 17 14 30
1 15 7 30
11 14 11 30
17 11 13 30
18 7 2 30
1 24 13 30
16 6 13 30
4 3 19 30
2 13 7 30
25 13 4 30
25 11 8 30
21 17 3 30
28 13 6 30
23 2 1 30
10 30 3 30
23 15 9 30
20 8 12 30
21 18 7 30
25 5 18 30
16 24 14 30
21 26 11 30
15 6 5 30
8 27 19 30
22 21 4 30
21 2 3 30
16 15 8 30
27 20 7 30
16 30 27 30
27 30 4 30
16 18 22 30
8 19 1 30
28 23 12 30
11 6 14 30
12 7 18 30
26 20 10 30
4 29 12 30
24 8 10 30
13 20 5 30
30 8 23 30
22 16 19 30
23 5 8 30
29 9 15 30
23 21 2 30
30 11 28 30
10 12 22 30
23 10 7 30
20 30 11 30
7 19 17 30
18 4 13 30
6 3 15 30
2 29 3 30
24 21 1 30
8 5 21 30
11 15 9 30
19 2 15 30
8 14 6 30
15 9 2 30
6 2 5 30
21 16 15 30
15 30 19 30
18 26 4 30
5 26 1 30
18 12 20 30
1 25 6 30
29 20 5 30
1 3 27 30
21 28 10 30
20 9 10 30
18 29 1 30
10 4 15 30
7 1 19 30
9 4 3 30
5 22 6 30
13 23 6 30
8 26 22 30
25 8 3 30
2 14 8 30
16 1 1 30
25 30 20 30
1 8 3 30
19 28 2 30
7 26 6 30
5 17 13 30
5 4 16 30
2 16 18 30
25 2 11 30
3 12 26 30
10 27 1 30
30 29 6 30
20 7 4 30
2 7 2 30
16 19 3 30
8 9 2 30
30 26 1 30
26 14 16 30
2 15 10 30
1 19 2 30
14 1 9 30
27 16 23 30
15 10 16 30
2 8 14 30
13 4 2 30
15 13 3 30
1 10 23 30
9 6 7 30
18 23 5 30
23 4 8 30
8 6 9 30
20 12 14 30
16 20 16 30
18 25 15 30
2 22 1 30
29 10 3 30
20 11 17 30
13 9 5 30
15 28 3 30
27 13 12 30
13 24 3 30
20 3 12 30
28 14 5 30
9 27 17 30
19 13 8 30
11 5 26 30
16 23 17 30
14 21 5 30
19 26 23 30
12 9 4 30
6 4 4 30
19 15 5 30
28 29 16 30
13 11 12 30
18 6 9 30
3 17 16 30
20 22 3 30
7 6 7 30
12 2 16 30
3 26 2 30
5 10 1 30
19 30 24 30
23 22 2 30
7 16 20 30
9 11 7 30
11 28 6 30
17 29 9 30
11 4 10 30
18 17 10 30
23 19 14 30
24 28 9 30
15 4 1 30
9 14 4 30
27 3 5 30
7 22 1 30
28 10 19 30
16 28 5 30
13 3 17 30
12 1 1 30
1 27 22 30
29 5 4 30
3 21 13 30
8 29 17 30
18 2 4 30
11 23 18 30
1 13 10 30
8 16 4 30
17 30 15 30
6 12 11 30
6 5 12 30
24 15 6 30
11 29 22 30
22 15 11 30
11 26 27 30
2 5 7 30
28 6 8 30
4 2 9 30
22 8 15 30
14 25 3 30
25 15 1 30
24 30 13 30
28 17 7 30
6 13 2 30
22 30 8 30
24 26 12 30
18 28 17 30
21 10 9 30
7 13 9 30
7 27 3 30
26 13 15 30
12 17 10 30
29 3 7 30
6 14 3 30
7 21 5 30
1 17 11 30
13 18 11 30
12 15 6 30
5 13 14 30
21 30 12 30
13 14 1 30
3 25 21 30
23 17 5 30
21 4 6 30
25 19 4 30
3 22 9 30
17 8 8 30
2 30 9 30
1 28 4 30
2 11 19 30
6 17 1 30
25 12 5 30
1 9 5 30
16 29 21 30
4 16 9 30
3 18 6 30
18 19 19 30
16 9 6 30
12 26 24 30
29 15 13 30
19 6 10 30
24 5 11 30
27 4 14 30
3 15 20 30
20 24 2 30
7 4 11 30
15 26 18 30
13 12 9 30
12 28 3 30
8 15 4 30
27 14 13 30
4 1 8 30
16 17 12 30
30 13 16 30
8 28 1 30
24 22 5 30
3 19 25 30
22 9 13 30
14 10 14 30
19 10 21 30
18 9 16 30
30 7 7 30
16 25 7 30
20 2 2 30
27 23 6 30
3 24 14 30
10 2 6 30
7 8 16 30
30 9 21 30
13 16 11 30
29 19 18 30
8 3 24 30
14 20 6 30
23 12 15 30
30 5 2 30
18 27 1 30
6 1 12 30
9 21 9 30
11 24 15 30
12 4 7 30
9 17 6 30
15 27 15 30
30 6 14 30
19 11 4 30
28 26 21 30
12 24 12 30
27 2 5 30
11 3 29 30
14 17 2 30
27 19 20 30
17 7 8 30
26 29 5 30
19 9 3 30
5 14 15 30
6 25 6 30
29 21 6 30
19 21 12 30
17 4 3 30
20 21 1 30
12 8 2 30
2 28 13 30
3 5 3 30
21 27 8 30
17 2 6 30
6 22 6 30
12 19 1 30
3 14 18 30
20 28 11 30
26 23 9 30
17 20 4 30
28 22 14 30
17 25 5 30
8 11 5 30
10 6 11 30
9 10 18 30
24 24
8 21
21 24 2 10
7 11 1 1
16 22 2 10
7 5 1 1
14 8 2 10
12 15 1 1
5 18 1 1
18 4 1 1
1 16 2 10
2 4 1 1
3 9 2 10
6 19 2 10
6 9 2 10
1 3 2 10
17 24 2 10
13 21 1 1
2 8 1 1
10 20 1 1
14 22 2 10
11 12 1 1
13 20 1 1
17 23 2 10
10 15 1 1
19 23 2 10
25 276
11 18
7 21 73 13
7 4 9 20
20 21 9 27
3 6 78 8
13 21 28 30
21 4 72 28
24 3 61 29
7 16 47 30
6 18 77 28
2 16 10 13
4 8 91 12
23 14 81 19
14 13 60 17
15 10 5 30
25 13 59 2
18 8 25 16
24 5 25 10
20 12 56 12
24 10 50 1
18 4 74 17
5 16 1 20
17 20 23 27
4 13 15 7
25 9 2 26
16 20 28 15
22 10 10 30
7 1 69 24
5 7 44 4
25 15 34 18
1 24 30 10
21 6 81 2
6 16 51 10
1 16 8 24
2 8 50 20
5 21 14 9
8 24 45 28
12 14 72 22
4 23 20 6
12 16 11 18
5 17 38 20
6 5 69 26
21 19 12 21
7 25 52 17
14 25 7 12
15 5 72 27
1 9 25 4
5 2 36 8
20 18 20 12
20 2 62 29
25 22 44 21
7 6 7 26
21 3 5 27
21 9 96 28
1 22 22 7
9 15 42 28
8 16 90 9
13 9 78 1
20 4 60 16
5 13 81 28
8 10 38 2
21 25 10 25
15 16 21 26
5 22 16 8
23 16 16 28
3 12 25 11
3 4 59 2
22 8 32 13
15 14 66 7
3 17 85 4
1 3 16 17
5 9 28 5
2 13 63 20
23 19 87 1
20 14 1 3
17 22 88 5
14 10 52 28
6 9 84 20
21 18 91 9
15 4 67 16
25 17 14 6
18 10 58 12
16 21 2 5
23 20 35 19
19 17 55 17
25 1 27 12
14 4 33 27
13 17 80 16
20 8 45 18
22 14 15 3
21 1 38 8
25 5 29 7
2 6 22 14
10 17 9 28
3 19 38 6
6 14 98 17
14 7 71 19
3 16 75 4
10 20 56 7
5 19 73 11
13 3 27 3
12 10 77 12
18 16 59 24
13 20 93 12
24 14 53 12
10 7 52 8
25 2 94 23
23 17 10 28
9 20 76 9
22 18 50 12
5 12 31 19
9 24 11 25
22 15 45 27
14 18 56 5
9 7 50 6
13 10 40 19
13 8 38 20
12 9 51 14
6 1 20 28
12 17 40 30
21 10 9 27
8 5 57 19
1 8 49 30
24 18 20 4
14 9 99 15
16 22 98 23
2 17 18 13
24 20 1 14
23 15 40 17
19 24 86 27
19 9 77 23
16 24 15 21
17 18 59 22
2 10 81 14
15 18 43 29
6 22 80 15
6 8 64 26
13 23 56 28
9 10 91 17
2 3 77 29
21 12 97 23
19 1 48 22
6 20 26 10
1 20 30 23
2 7 89 3
16 10 19 9
1 15 34 16
22 3 28 8
14 5 73 15
23 5 86 3
7 13 8 9
18 23 31 14
17 8 48 6
12 25 7 18
8 7 91 15
9 2 30 2
19 20 23 28
14 8 97 14
1 5 83 30
4 1 49 11
4 19 52 9
2 23 75 6
20 15 69 28
17 6 16 27
19 10 53 27
14 2 32 12
10 4 60 17
13 22 70 29
1 18 35 17
3 8 3 15
1 13 21 29
22 9 64 26
12 2 42 8
2 15 65 15
15 24 97 1
19 18 64 2
7 12 54 27
3 10 64 25
19 25 39 25
15 19 7 30
19 22 12 27
8 15 86 3
23 12 65 3
17 24 13 16
17 4 58 20
2 21 56 10
25 8 32 26
12 15 21 6
2 19 82 2
5 20 17 17
22 4 24 3
5 10 49 22
23 25 92 19
12 6 29 23
9 17 78 29
2 24 75 10
24 4 3 28
23 7 65 21
17 16 20 1
9 4 65 22
23 22 89 8
5 18 52 16
13 19 46 4
6 15 93 26
13 6 73 2
2 22 71 27
16 25 5 25
12 18 69 14
24 22 19 24
25 6 26 13
20 25 6 13
12 24 43 23
1 14 33 10
9 23 66 25
5 4 74 17
4 6 36 16
7 15 31 19
25 24 76 14
7 17 73 15
3 18 7 26
21 8 58 6
14 19 41 13
1 23 72 8
2 4 96 15
16 13 66 5
14 21 82 18
9 8 23 23
3 23 82 29
5 3 2 1
3 20 100 3
15 3 56 6
20 7 86 14
1 12 97 15
7 18 2 25
18 13 80 4
1 2 31 4
13 24 93 15
4 25 45 11
19 6 79 12
21 15 74 19
25 10 81 26
14 17 20 11
12 22 42 4
7 19 32 24
2 18 59 27
17 1 78 5
1 10 38 10
15 13 84 17
6 10 29 29
17 15 61 19
3 14 31 12
23 6 42 18
23 10 94 28
22 20 47 25
24 7 4 25
9 3 64 17
23 24 13 2
24 6 72 22
17 21 7 1
3 7 13 16
9 18 37 15
22 7 54 7
25 18 21 28
4 16 70 4
12 8 84 24
16 9 48 8
19 8 71 16
12 4 71 7
8 23 16 9
25 3 80 30
16 19 22 9
21 24 17 8
12 19 40 24
21 23 3 28
13 12 52 9
16 14 70 29
21 22 18 14
30 99
13 15
11 3 70 25
3 17 84 28
4 25 31 11
19 18 21 23
22 6 73 13
5 8 71 6
5 30 1 17
9 4 73 21
6 4 78 9
3 19 36 27
30 2 51 16
18 17 32 28
8 24 32 24
16 10 65 11
15 23 90 19
20 12 96 27
11 4 83 3
15 26 53 11
20 13 77 29
14 2 42 6
8 23 62 25
5 9 17 13
25 20 72 8
22 18 94 12
22 2 4 16
26 23 89 25
7 30 77 25
22 30 17 16
26 16 87 16
4 2 77 14
24 4 42 1
28 4 75 24
29 7 82 21
6 20 41 22
23 28 99 27
7 25 90 28
11 19 49 16
7 24 75 24
6 28 52 28
25 18 39 23
12 6 53 28
24 23 37 15
11 17 82 3
11 13 67 28
19 1 95 4
27 22 88 24
8 25 11 14
21 5 11 23
9 25 69 30
7 28 9 4
23 22 69 13
12 19 46 19
27 25 27 3
1 11 37 22
1 12 94 25
2 24 99 1
28 2 48 27
11 12 100 3
23 21 6 4
22 12 82 4
29 16 82 21
18 3 39 5
21 30 29 7
28 5 55 29
10 30 37 8
21 26 11 19
2 16 81 6
20 3 40 27
25 14 10 18
29 30 28 9
17 27 45 4
19 13 62 15
5 2 19 3
12 18 99 11
23 7 33 28
8 7 13 1
29 21 26 4
2 23 37 5
27 19 25 13
10 15 63 19
17 6 10 21
17 24 35 28
12 4 74 23
9 30 53 7
6 14 27 10
10 8 46 2
14 18 85 26
10 26 91 26
21 10 94 29
23 30 53 27
16 15 13 7
1 27 17 17
11 18 76 28
4 22 67 20
28 14 52 15
5 29 88 29
22 28 75 14
6 27 88 24
3 13 43 2
30 29
7 2
16 8 100 2
10 24 100 1
14 18 100 1
26 2 100 2
1 16 100 2
17 6 100 2
7 29 100 2
9 24 100 2
28 3 100 2
5 28 100 1
13 21 100 2
15 13 100 2
17 12 100 1
19 29 100 2
18 25 100 2
9 23 100 1
23 22 100 2
30 20 100 1
11 4 100 1
5 15 100 1
20 21 100 1
30 11 100 1
14 10 100 1
26 4 100 1
19 27 100 2
6 1 100 2
3 25 100 2
27 8 100 2
12 22 100 1
30 125
2 26
10 11 18 21
14 4 37 8
4 20 14 2
7 22 1 16
8 6 53 7
28 29 100 6
11 29 46 9
27 10 80 14
29 19 57 18
20 26 47 14
29 9 68 19
10 19 52 1
20 8 11 4
16 6 56 8
20 3 71 20
1 5 25 30
17 30 43 19
22 1 71 17
7 13 61 12
11 14 86 30
4 12 78 12
28 4 75 22
29 4 58 15
24 8 26 2
10 26 68 21
19 8 31 29
30 1 34 10
1 15 70 19
15 17 21 1
3 9 28 3
30 15 68 18
17 19 19 7
6 24 19 9
29 23 62 29
21 17 41 30
9 30 72 9
4 25 90 3
17 16 83 21
3 27 53 15
7 29 65 10
13 28 75 12
15 9 30 10
3 28 69 27
6 11 49 3
6 5 95 11
8 2 55 6
25 24 68 27
5 24 80 19
25 28 66 1
8 5 6 1
16 29 66 18
2 29 72 6
25 30 13 8
23 22 47 29
30 11 54 13
6 27 16 12
15 10 38 8
21 11 50 4
10 14 53 9
25 29 49 26
9 2 34 24
20 15 19 8
27 26 19 4
3 8 24 7
16 27 84 1
18 15 62 8
22 26 67 3
14 25 97 9
23 14 94 24
10 25 74 24
26 17 37 29
16 20 31 22
3 7 23 18
23 27 62 13
21 3 36 19
15 14 3 8
15 27 56 18
16 14 24 4
25 18 79 16
15 12 60 11
17 27 47 26
22 18 10 18
30 7 35 5
14 1 32 11
21 23 58 30
23 25 64 19
22 10 46 14
25 19 83 22
26 2 49 3
24 30 96 10
13 6 20 23
12 29 69 5
11 25 95 1
16 5 98 18
20 14 39 13
11 3 77 5
15 3 11 7
5 30 75 13
6 22 42 8
2 3 55 20
3 10 15 14
30 28 71 18
6 18 17 28
25 26 87 28
9 7 62 10
16 21 81 15
14 7 62 12
30 18 17 9
18 10 54 30
2 16 39 16
23 5 99 4
26 8 38 13
23 16 16 11
25 1 70 27
27 19 94 4
21 8 76 24
27 2 86 4
22 15 2 18
22 17 11 7
1 4 42 16
17 23 18 21
21 4 41 27
13 4 38 2
18 28 99 5
10 13 21 20
4 2
3 4
4 1 1 30
3 2 1 30
30 57
2 20
1 22 1 24
18 5 9 27
9 27 4 29
28 7 3 23
4 27 8 22
16 27 3 30
11 3 2 28
17 25 9 21
21 26 7 20
3 21 9 25
30 26 6 26
3 26 8 23
7 1 8 22
21 15 3 24
4 24 10 29
2 6 9 22
15 30 6 27
14 23 2 30
30 14 5 27
10 6 10 27
7 12 5 23
1 12 5 22
28 12 9 22
19 4 3 23
18 23 9 22
6 13 3 25
28 17 8 23
16 8 6 26
14 15 7 21
24 16 1 21
23 19 2 27
19 18 3 29
1 20 1 20
25 9 10 23
18 24 1 25
30 5 3 27
13 10 9 20
11 21 9 24
4 16 5 22
29 28 5 26
29 25 1 30
29 17 10 27
5 23 3 24
24 19 1 20
25 8 5 27
22 7 1 24
10 11 3 24
27 8 5 27
22 20 5 23
13 2 2 26
12 29 9 24
6 11 4 23
8 9 6 20
10 3 6 25
26 15 8 24
14 5 8 24
9 17 5 25
24 253
15 9
1 11 11 13
20 23 12 26
17 5 35 14
11 21 85 18
21 5 58 17
3 6 47 17
21 6 97 29
3 17 5 26
6 24 88 9
12 7 84 29
3 5 84 27
1 10 25 13
6 5 81 8
14 11 92 12
14 21 3 17
22 3 7 27
6 20 53 3
22 21 37 3
1 13 52 20
6 18 26 10
17 8 35 18
14 4 94 27
8 12 43 10
18 22 14 13
6 22 23 26
15 7 22 7
13 18 87 18
8 16 65 19
4 11 55 21
5 23 10 6
24 13 93 21
23 15 60 7
6 8 27 2
17 22 73 27
20 18 85 12
10 2 58 21
8 1 43 24
17 16 66 15
24 8 61 17
20 22 74 17
12 18 49 10
11 24 52 3
15 14 2 8
14 7 29 11
6 14 47 4
10 13 13 1
8 19 6 25
13 6 54 2
13 4 91 23
15 18 59 1
23 7 60 9
4 18 7 13
16 22 18 22
6 15 1 2
20 12 44 25
16 12 14 3
10 18 28 27
13 22 61 4
22 15 94 24
1 15 26 3
12 1 6 30
8 21 13 30
21 13 79 6
14 2 4 30
2 24 92 30
19 14 11 1
11 16 4 29
18 1 20 26
23 14 32 2
2 16 26 26
19 21 60 7
22 1 37 7
15 19 61 18
17 13 16 12
1 14 90 18
23 4 91 19
7 20 82 28
19 10 19 14
5 15 10 12
8 2 66 15
1 20 59 9
12 17 38 10
15 8 79 20
20 21 44 17
21 18 98 14
7 24 10 16
11 17 54 6
15 20 40 5
6 11 63 25
12 24 19 28
12 2 63 28
14 22 85 8
13 16 93 10
21 3 26 23
10 21 45 19
7 21 83 5
2 7 79 18
7 19 17 29
17 18 63 14
3 20 29 17
14 13 19 2
17 2 25 30
1 6 26 1
11 13 69 6
10 20 43 26
24 18 92 29
1 19 17 9
24 15 81 14
8 18 57 14
4 17 62 29
5 14 78 27
20 8 88 26
17 6 59 1
16 4 74 9
20 11 24 14
7 13 31 9
24 3 89 5
16 6 89 22
17 21 53 22
11 15 68 3
1 4 79 19
14 18 30 6
1 5 36 16
10 22 75 29
15 4 87 23
17 24 46 16
23 17 3 13
13 8 32 20
7 17 10 27
20 5 63 16
2 4 17 24
10 7 94 20
19 16 91 15
3 23 65 11
13 3 86 28
14 16 14 11
16 20 33 11
5 4 39 7
12 10 11 16
23 8 59 2
11 23 13 25
12 22 61 16
5 22 37 17
2 22 6 5
3 18 19 21
8 22 42 20
7 3 28 28
2 5 65 4
2 21 89 18
1 23 25 6
17 19 55 17
16 5 47 14
5 18 27 19
24 21 81 21
19 2 1 28
7 16 86 17
23 19 85 11
20 14 9 30
10 6 16 14
16 3 40 17
10 8 47 25
7 4 12 26
12 13 27 30
15 3 79 18
24 22 13 23
19 6 52 16
23 24 47 11
6 4 99 23
11 5 9 3
1 3 69 21
6 12 4 1
4 12 49 18
16 24 85 12
3 12 41 12
6 2 36 5
10 5 75 19
23 18 83 15
1 24 55 2
13 15 97 1
23 22 77 21
5 12 8 27
20 4 66 5
20 17 48 22
5 7 25 17
16 18 35 9
23 16 33 20
23 12 76 8
1 21 74 18
17 14 50 21
3 14 90 29
18 2 35 4
12 21 36 15
11 2 48 26
20 13 54 19
17 10 38 25
24 10 68 16
7 1 70 13
15 16 74 4
1 2 83 25
10 11 28 14
8 5 7 15
5 19 93 30
23 2 28 20
24 14 20 7
18 19 76 12
12 15 93 17
19 22 72 18
15 21 4 25
18 11 41 6
8 4 51 17
6 7 7 7
13 5 33 18
4 3 88 18
10 23 32 22
11 22 20 11
10 4 29 16
15 2 64 20
10 14 70 29
24 5 42 3
21 16 16 26
19 20 13 6
10 16 20 12
10 15 42 13
7 22 14 19
24 20 67 2
3 2 63 11
11 3 31 2
19 24 57 13
13 2 63 7
10 3 27 6
24 4 61 1
13 19 72 25
19 4 25 27
21 23 69 30
7 18 36 30
3 19 44 7
17 1 66 20
16 1 66 2
13 23 14 2
4 22 9 29
11 8 50 26
23 6 77 1
8 7 38 24
7 11 32 21
15 17 53 22
14 12 95 17
21 4 86 4
12 19 15 7
19 11 74 6
8 14 49 3
8 3 98 20
2 20 40 28
12 11 52 29
30 435
3 17
19 3 88 30
13 23 57 28
5 2 23 3
28 12 50 3
28 26 88 20
10 16 61 7
18 9 10 11
30 17 30 13
19 7 58 16
27 9 69 15
9 25 26 29
1 27 76 26
24 19 93 12
9 5 100 23
22 11 82 20
6 15 36 28
16 27 21 10
12 13 71 1
3 16 98 25
16 6 96 25
23 14 48 20
14 26 10 16
5 26 59 8
25 10 45 11
16 7 52 16
13 17 44 12
30 14 88 8
11 19 56 8
7 2 24 16
6 12 39 12
30 22 49 27
17 5 67 12
12 20 7 23
18 29 59 24
14 3 49 24
22 23 46 9
24 6 54 2
15 1 28 26
11 18 87 30
13 7 98 29
29 14 10 23
26 21 25 19
30 9 92 23
17 20 100 13
1 10 66 21
28 14 13 15
16 4 9 28
2 25 72 25
1 28 22 28
7 27 33 14
21 9 88 1
4 19 69 29
16 12 58 23
11 27 60 28
30 11 44 6
21 24 88 28
20 28 14 26
7 18 85 19
27 26 48 1
28 6 83 1
5 22 18 9
22 12 4 4
3 12 32 27
25 21 8 22
4 24 64 25
22 6 40 1
9 1 33 23
1 22 29 7
29 3 87 15
29 30 10 15
13 16 65 1
10 4 44 4
4 18 25 18
24 9 93 23
23 26 50 5
21 1 13 27
21 10 45 12
3 1 2 28
5 19 18 9
7 26 28 23
3 10 17 21
22 13 73 21
12 5 14 16
6 29 53 19
15 24 48 24
4 13 46 13
28 27 76 14
20 19 44 5
17 15 72 27
1 8 57 9
10 5 14 23
21 29 88 7
19 27 88 18
18 20 68 12
22 19 56 28
15 26 88 2
12 25 45 12
6 4 71 20
9 16 27 29
29 4 59 29
28 4 77 11
1 4 80 19
27 18 33 23
25 14 75 13
5 28 2 19
16 17 68 3
1 6 53 11
10 27 50 12
30 27 84 20
8 13 48 5
3 7 57 26
23 17 33 27
12 21 89 20
29 27 3 16
9 4 87 17
15 20 44 16
15 8 68 22
4 15 33 8
29 19 43 7
6 2 95 26
30 25 64 11
19 12 63 12
25 11 56 19
30 15 38 23
15 18 7 3
20 22 44 24
1 26 45 19
14 15 69 30
25 13 63 28
26 20 8 2
13 26 18 25
6 5 67 21
19 16 48 25
1 12 68 15
15 27 17 29
13 14 3 29
4 7 67 7
25 22 10 3
20 13 54 29
18 30 33 26
10 24 9 18
30 13 64 2
7 8 47 11
20 6 48 18
27 13 79 17
7 15 81 5
22 2 23 18
26 24 82 30
28 25 99 1
10 9 70 28
16 5 26 14
2 3 15 20
6 23 10 23
18 3 21 4
2 11 19 8
27 14 66 5
10 19 60 5
29 20 82 24
7 23 56 27
20 14 43 3
2 23 91 26
11 28 93 9
15 5 39 3
15 10 36 19
26 8 21 1
19 2 8 20
11 7 7 20
14 17 68 15
22 29 88 2
22 18 45 5
11 16 69 21
28 17 80 8
5 30 81 23
29 12 10 14
7 21 35 15
25 17 11 30
11 5 97 27
17 21 9 12
23 3 39 12
10 23 19 18
23 30 56 20
16 23 61 5
18 1 87 10
8 5 55 12
5 23 56 21
29 17 42 10
15 22 17 3
25 4 68 11
2 20 75 4
6 30 89 26
29 1 44 26
29 13 68 15
9 8 100 21
24 14 62 26
28 2 23 16
25 19 1 23
16 1 7 21
28 15 94 1
16 18 12 30
7 14 1 26
29 8 89 12
20 21 77 14
28 7 11 9
25 6 87 10
19 28 54 17
20 8 59 24
10 26 6 7
5 25 36 26
19 26 82 25
5 29 46 12
9 11 86 1
30 20 95 23
8 6 86 27
22 17 21 21
4 17 23 24
19 21 3 25
14 9 87 24
14 6 76 29
23 9 88 3
13 18 40 5
7 20 87 8
18 23 19 16
28 21 9 15
22 7 93 1
7 24 20 16
10 17 66 24
1 14 25 19
10 13 25 27
13 28 84 20
29 23 67 1
16 28 77 5
14 16 20 8
27 5 28 11
8 25 90 12
30 19 3 12
7 17 87 1
18 6 21 23
23 28 26 6
11 20 40 13
4 8 64 9
30 24 45 1
8 30 56 22
11 6 9 6
8 12 4 17
2 4 99 17
16 29 95 2
2 21 28 6
3 6 69 27
23 11 24 3
5 14 95 26
4 30 21 3
27 8 22 30
15 11 98 22
10 30 36 10
17 3 96 27
19 18 20 26
29 15 30 19
6 27 7 25
26 3 33 15
11 26 94 13
10 18 12 6
3 8 17 9
27 4 56 9
18 2 98 25
19 15 55 17
19 23 71 5
26 9 71 15
11 10 90 20
13 24 32 15
13 1 63 25
28 8 18 11
6 26 77 1
3 15 68 23
17 8 74 7
12 14 76 22
20 1 72 26
28 22 25 14
12 23 11 26
5 7 46 26
2 9 77 28
30 28 31 1
4 21 61 17
16 8 81 22
2 15 94 14
9 3 47 7
18 14 57 21
23 25 53 5
5 20 83 4
5 1 95 17
3 28 33 28
16 25 80 6
4 23 28 25
9 22 19 10
24 2 3 16
9 17 57 17
15 23 99 17
29 24 43 27
14 19 33 29
2 14 51 29
3 5 25 30
4 22 18 4
17 18 47 7
3 24 35 6
18 25 44 3
30 2 51 9
11 8 21 26
14 10 38 6
6 7 22 13
13 15 79 30
28 24 17 16
26 22 17 4
3 13 20 6
2 17 87 2
27 24 60 2
16 20 92 17
9 19 87 18
26 25 77 24
27 25 98 1
24 16 66 23
5 24 12 30
23 20 21 20
7 1 63 29
3 30 57 9
11 24 51 5
26 12 8 22
21 22 59 29
23 24 4 5
9 28 10 11
14 4 74 19
22 10 7 8
26 29 99 14
3 11 27 30
17 12 13 27
12 24 88 28
26 18 42 22
2 26 65 27
22 3 46 17
21 14 44 17
4 3 6 17
2 27 26 24
13 11 84 21
1 11 88 10
22 14 28 28
12 10 85 5
22 24 63 1
9 15 45 12
27 23 73 28
25 1 32 11
16 30 2 6
25 15 61 28
24 1 52 26
29 28 28 15
10 28 56 2
26 16 58 14
12 11 30 6
22 8 63 5
15 21 46 14
22 16 96 19
3 21 36 10
18 28 24 16
17 6 45 16
29 9 81 6
5 13 84 2
2 29 49 4
1 30 24 27
12 30 53 23
19 8 64 27
30 26 7 22
19 17 92 23
18 24 4 16
23 1 62 29
20 27 67 9
14 11 43 7
23 8 70 25
17 26 72 2
4 26 47 2
6 13 37 6
7 30 50 28
21 18 90 13
9 13 59 12
25 24 2 26
12 9 40 2
21 13 94 2
7 25 48 26
11 4 58 16
5 4 17 20
10 7 6 20
20 3 28 14
6 10 46 9
10 2 91 22
12 27 58 3
27 21 40 7
4 12 93 26
24 8 65 9
16 21 17 28
15 16 97 21
22 27 87 23
21 8 53 23
11 21 93 27
23 21 27 21
2 16 62 3
12 2 24 27
17 11 30 27
12 15 87 28
11 29 74 19
19 1 23 22
17 1 30 23
8 18 28 17
14 8 68 24
10 8 100 10
2 8 46 30
29 25 95 27
20 24 13 26
6 19 90 16
25 3 64 14
2 1 85 20
20 4 73 7
2 13 71 27
3 27 7 6
5 18 88 1
6 21 89 5
6 9 69 22
18 12 90 25
29 7 57 7
7 9 4 27
17 24 71 17
7 12 21 17
13 19 32 30
20 25 15 19
21 30 99 18
10 20 70 11
20 9 64 12
29 10 66 22
17 27 26 9
5 21 23 27
4 3
3 1
1 4 1 30
4 2 80 30
3 2 1 30
14 91
13 8
14 4 56 1
1 6 87 1
8 14 81 1
4 12 73 1
9 13 81 1
12 8 60 1
14 11 93 1
13 3 63 1
14 6 69 1
3 7 80 1
12 5 98 1
9 5 82 1
7 4 79 1
3 6 89 1
7 1 95 1
5 14 64 1
4 11 95 1
13 12 72 1
13 1 64 1
14 3 63 1
2 13 67 1
1 8 93 1
3 4 60 1
8 6 100 1
8 9 75 1
12 6 67 1
5 4 52 1
4 6 87 1
10 1 70 1
12 2 99 1
14 1 73 1
3 2 98 1
13 8 50 1
10 12 81 1
10 3 71 1
12 1 68 1
6 2 64 1
14 12 58 1
11 9 61 1
9 2 98 1
1 4 89 1
7 10 79 1
5 2 61 1
2 7 98 1
3 11 85 1
2 8 79 1
11 1 71 1
2 10 53 1
9 3 96 1
10 11 94 1
13 4 59 1
12 7 60 1
11 13 81 1
4 8 80 1
6 11 91 1
12 3 74 1
9 7 89 1
2 11 57 1
5 10 58 1
10 6 62 1
7 11 77 1
11 8 62 1
14 13 50 1
13 5 92 1
3 8 57 1
1 9 80 1
2 4 76 1
7 13 53 1
7 8 63 1
1 2 71 1
13 6 61 1
14 7 88 1
6 7 91 1
5 8 72 1
1 5 80 1
13 10 98 1
10 8 60 1
4 10 68 1
9 10 83 1
3 5 62 1
10 14 56 1
3 1 71 1
2 14 79 1
9 12 87 1
11 5 78 1
9 6 85 1
5 7 58 1
14 9 92 1
12 11 73 1
5 6 85 1
4 9 63 1
0 0
