30 124
4 26
5 20 78 3
24 8 86 20
27 1 99 28
29 2 11 16
25 12 47 25
18 5 9 11
24 21 82 2
15 20 73 26
8 18 45 10
15 2 92 10
9 19 90 7
20 12 61 6
8 7 35 10
5 9 9 16
10 4 29 1
5 3 88 4
8 27 58 8
16 13 87 21
5 15 12 2
3 17 37 15
4 18 95 17
14 20 83 26
16 3 86 25
1 28 91 19
3 9 5 6
16 24 83 25
23 30 79 26
27 30 11 10
8 25 32 27
4 27 4 11
28 4 99 7
29 11 31 27
9 14 36 25
2 22 19 6
19 30 75 9
22 28 92 28
25 17 45 28
26 3 92 30
2 18 59 11
10 7 86 17
24 25 39 21
27 3 26 25
30 9 97 6
28 23 80 2
25 23 77 10
12 2 83 17
28 16 25 8
24 13 85 3
1 10 67 21
11 8 17 9
23 16 27 25
26 20 11 1
7 23 40 28
5 24 37 7
3 2 79 28
22 9 43 14
3 20 73 9
26 22 80 4
6 21 19 6
6 24 74 13
30 29 19 12
21 5 2 1
18 22 75 20
17 28 17 27
19 22 17 27
2 21 62 12
20 10 6 26
6 15 32 12
1 17 98 17
2 1 82 25
30 22 24 11
16 27 98 2
29 16 7 27
1 15 4 23
10 18 88 24
11 24 30 17
18 16 87 16
22 8 63 14
18 19 75 26
23 12 66 20
25 13 20 20
28 29 51 16
7 11 58 12
1 22 85 22
28 10 37 5
29 9 76 3
17 5 47 19
27 5 65 28
3 28 46 4
12 17 65 9
19 11 84 19
23 9 61 22
5 13 9 20
6 13 16 11
24 29 3 1
14 6 100 20
8 16 70 4
3 25 83 19
29 13 75 12
22 27 29 23
26 29 53 14
13 22 19 19
9 25 7 9
3 21 44 8
2 7 67 6
7 15 93 1
13 14 81 11
10 13 93 3
13 4 53 20
19 29 11 5
29 27 2 24
21 9 33 15
26 16 67 20
1 13 15 21
25 30 65 5
12 6 71 10
12 19 48 21
11 30 26 22
30 7 95 15
27 20 61 1
26 9 29 22
15 16 13 28
24 26 97 29
4 24 1 24
7 0
7 5
30 29
16 4
6 19 100 30
9 18 100 30
12 2 100 30
23 3 100 30
13 11 100 30
21 10 100 30
8 19 100 30
24 23 100 30
20 21 100 30
17 18 100 30
9 6 100 30
1 29 100 30
14 30 100 30
27 10 100 30
28 29 100 30
7 30 100 30
5 26 100 30
8 26 100 30
7 12 100 30
16 20 100 30
17 14 100 30
2 24 100 30
27 5 100 30
25 22 100 30
4 13 100 30
25 28 100 30
15 11 100 30
22 3 100 30
15 1 100 30
4 3
1 2
1 3 1 30
4 3 82 30
2 4 1 30
23 231
19 14
2 11 82 7
3 6 17 26
20 17 31 29
2 1 22 28
6 17 60 19
15 22 94 20
17 4 43 5
21 9 14 25
11 8 47 8
6 2 24 13
16 6 8 23
8 16 37 26
9 3 25 18
17 21 44 9
14 6 59 6
1 15 69 27
4 13 52 17
1 17 51 10
7 12 12 18
16 4 66 23
6 9 23 7
15 7 22 14
13 21 6 20
20 4 53 17
21 3 40 5
11 21 31 9
4 23 18 19
13 15 59 29
18 15 97 29
17 16 28 13
6 15 2 11
21 4 13 1
7 16 60 21
22 10 90 8
1 7 60 19
7 3 23 25
4 9 20 9
13 22 88 9
9 12 89 6
2 12 72 27
1 8 18 23
13 12 71 9
3 17 35 29
2 13 46 26
21 16 53 16
11 4 77 26
5 7 20 21
1 4 37 5
15 12 56 27
7 17 81 30
21 5 58 20
22 7 77 18
6 7 43 4
3 16 31 1
9 18 38 27
10 8 45 28
15 2 10 28
7 20 23 7
11 5 69 15
10 1 71 15
16 15 79 10
23 21 95 16
8 14 98 26
13 1 63 23
20 8 5 23
2 21 63 27
22 20 68 14
14 21 82 29
16 11 63 24
14 3 24 1
7 9 12 23
14 22 55 19
14 7 82 19
16 12 12 19
12 18 19 9
10 21 66 23
9 23 67 25
17 2 56 14
18 16 19 17
5 16 18 25
14 13 84 5
18 7 2 29
6 4 41 20
21 7 1 10
23 10 30 9
20 6 6 27
20 18 59 9
13 11 38 22
22 3 45 29
21 20 97 13
20 14 94 12
20 23 68 7
13 3 19 12
12 21 95 28
8 2 76 6
9 20 6 25
11 3 24 24
13 17 47 22
2 10 36 14
18 23 5 11
20 10 56 15
14 5 1 17
4 14 1 28
15 21 25 7
22 21 43 11
12 20 5 19
22 6 87 29
5 23 74 11
9 2 45 27
2 22 52 6
1 16 93 22
1 18 99 27
2 20 58 13
23 15 6 24
4 5 46 19
21 8 11 21
13 8 57 8
11 20 8 4
7 2 89 16
4 18 15 19
8 3 17 11
21 18 38 18
7 11 22 13
21 6 89 25
17 15 22 10
14 23 34 26
4 12 27 18
5 20 42 22
11 1 15 19
3 12 62 27
17 18 33 25
10 17 97 13
9 1 3 8
9 15 53 23
13 7 9 12
16 10 43 14
6 5 35 27
12 1 79 17
16 13 84 26
7 8 22 8
12 17 16 2
2 5 25 25
3 23 66 20
8 12 100 18
3 2 48 13
3 10 79 18
16 14 37 27
13 20 4 23
18 5 16 11
8 23 91 5
16 23 40 5
23 11 56 26
22 1 41 2
5 8 18 14
20 16 9 19
3 20 52 14
6 18 92 23
10 14 2 29
22 8 81 2
17 8 54 7
10 5 5 15
13 18 68 29
6 10 40 22
10 15 81 7
18 8 12 17
13 9 25 12
2 18 88 15
1 3 36 2
2 23 55 3
12 6 3 17
14 18 81 16
20 15 32 23
1 21 47 2
3 4 81 7
13 23 42 26
16 2 63 23
2 14 41 24
4 15 24 4
23 22 86 17
11 17 54 4
16 22 32 2
15 3 42 3
23 6 38 24
1 23 16 14
6 13 7 25
8 15 7 25
4 7 48 8
1 20 85 13
9 11 66 19
11 14 43 3
10 4 58 19
10 12 100 24
22 18 73 25
14 12 18 28
2 4 32 20
15 5 97 17
17 14 100 28
17 22 91 26
22 5 7 22
17 23 63 2
14 9 34 25
8 4 28 24
10 11 63 13
12 23 79 21
23 7 31 29
4 22 3 27
10 13 10 11
18 10 26 12
15 14 75 21
1 14 59 18
12 5 51 6
22 12 2 8
18 3 5 22
5 17 66 25
5 1 81 15
6 1 51 21
9 8 40 11
11 22 98 23
5 3 74 7
6 8 63 25
16 9 78 16
11 6 55 18
12 11 83 15
17 9 56 27
5 9 93 11
13 5 28 28
18 11 51 16
10 9 4 25
7 10 46 10
15 11 67 29
9 22 94 23
22 231
20 13
18 3 7 30
11 12 10 30
6 14 13 30
10 20 2 30
16 20 18 30
20 19 13 30
2 17 13 30
4 21 5 30
7 10 1 30
14 15 12 30
22 5 3 30
17 5 3 30
8 3 11 30
21 5 1 30
20 6 7 30
15 3 4 30
6 17 10 30
7 12 3 30
8 14 19 30
2 3 8 30
17 11 1 30
8 4 9 30
15 21 7 30
17 12 11 30
13 11 5 30
7 8 2 30
6 21 8 30
12 8 5 30
12 18 1 30
18 10 3 30
11 8 15 30
22 4 1 30
20 12 6 30
8 18 4 30
16 8 17 30
18 6 2 30
13 18 16 30
9 7 16 30
15 5 6 30
6 2 3 30
9 17 2 30
6 12 1 30
19 9 6 30
10 17 15 30
20 9 19 30
10 9 17 30
3 13 9 30
21 18 10 30
11 9 3 30
22 9 8 30
3 11 4 30
14 10 18 30
9 16 1 30
10 15 6 30
6 16 11 30
22 8 10 30
6 19 6 30
7 21 12 30
12 14 14 30
17 13 4 30
20 7 3 30
7 22 8 30
11 15 8 30
11 21 1 30
22 14 9 30
7 19 10 30
12 5 8 30
16 4 8 30
4 19 3 30
14 2 16 30
15 16 10 30
11 2 12 30
13 21 6 30
13 22 10 30
16 10 16 30
7 5 11 30
15 7 5 30
4 2 6 30
5 8 13 30
4 3 2 30
12 22 5 30
16 12 12 30
5 3 2 30
6 1 2 30
11 14 4 30
21 19 2 30
8 6 6 30
10 13 19 30
1 20 9 30
5 18 9 30
18 14 15 30
6 4 3 30
13 19 8 30
8 1 8 30
1 15 1 30
9 14 1 30
13 15 13 30
7 13 18 30
1 22 2 30
15 22 3 30
7 4 7 30
15 17 9 30
3 9 7 30
7 11 13 30
21 9 4 30
16 2 14 30
13 16 3 30
22 18 6 30
1 21 6 30
3 10 10 30
9 1 10 30
1 7 6 30
12 10 4 30
11 1 7 30
5 4 4 30
16 21 3 30
21 22 4 30
2 5 10 30
8 19 12 30
7 14 17 30
15 6 1 30
4 1 1 30
10 22 9 30
4 15 2 30
11 6 9 30
3 12 6 30
10 11 14 30
2 1 5 30
17 21 2 30
6 3 5 30
9 2 15 30
10 8 1 30
12 9 13 30
19 1 4 30
18 20 5 30
14 16 2 30
1 16 9 30
12 4 4 30
17 16 1 30
10 21 13 30
1 13 12 30
22 6 4 30
18 9 14 30
14 17 3 30
14 21 5 30
17 7 14 30
10 19 11 30
16 22 7 30
2 21 11 30
3 7 9 30
1 18 4 30
20 2 4 30
21 12 9 30
5 1 5 30
18 2 1 30
14 20 20 30
4 11 6 30
8 9 18 30
5 14 6 30
15 19 5 30
22 19 2 30
2 13 17 30
10 6 5 30
14 13 1 30
11 22 5 30
2 15 4 30
19 17 4 30
12 2 2 30
20 15 8 30
19 11 3 30
13 12 15 30
21 20 15 30
22 2 7 30
5 9 5 30
19 14 7 30
3 20 12 30
18 19 8 30
19 16 5 30
20 8 1 30
20 17 17 30
3 14 8 30
4 17 7 30
20 4 10 30
13 8 20 30
3 21 3 30
4 9 9 30
4 14 10 30
5 13 7 30
4 10 8 30
13 4 11 30
5 6 7 30
11 5 2 30
5 16 4 30
11 20 16 30
2 7 1 30
22 17 6 30
21 8 14 30
19 5 1 30
1 17 8 30
18 11 11 30
10 1 7 30
16 18 13 30
22 20 11 30
10 5 12 30
15 12 2 30
14 1 11 30
3 22 1 30
7 18 2 30
3 1 3 30
17 8 16 30
19 2 9 30
15 9 11 30
13 9 2 30
6 13 14 30
7 16 15 30
3 17 5 30
2 8 3 30
15 18 3 30
16 3 6 30
20 5 14 30
4 18 5 30
3 19 1 30
13 20 21 30
15 8 7 30
12 19 7 30
16 11 2 30
2 10 2 30
6 7 4 30
1 12 3 30
17 18 12 30
6 9 12 30
30 104
8 28
17 16 61 27
13 22 54 9
19 30 95 19
4 14 50 22
10 27 84 25
20 5 17 2
22 20 42 13
17 12 63 8
27 18 64 14
25 7 13 21
21 15 65 23
18 7 43 21
21 6 96 23
15 3 72 9
14 22 42 29
6 5 30 21
5 30 99 9
9 12 40 29
24 27 29 9
13 12 48 1
19 17 63 7
14 5 100 22
2 27 11 4
16 1 71 2
25 27 8 19
20 12 47 19
13 5 90 7
19 6 83 23
27 16 46 5
4 30 63 5
7 24 69 22
8 4 66 9
19 13 2 25
29 24 21 10
9 24 100 19
7 16 17 28
13 23 29 5
3 8 63 1
21 8 6 29
23 9 57 18
12 15 21 10
25 1 82 6
25 13 15 8
23 27 6 14
17 22 93 30
19 20 86 1
15 22 2 30
15 4 100 12
10 29 35 10
12 6 60 14
25 29 95 18
1 10 93 24
9 19 72 17
2 28 30 11
15 26 87 3
21 14 39 27
6 22 52 22
28 11 6 1
30 12 94 23
15 5 99 11
18 29 27 18
16 29 93 15
6 26 31 29
17 25 65 10
16 9 84 15
6 4 28 27
7 10 89 12
3 14 21 19
11 1 49 2
17 24 83 10
23 29 9 9
15 19 99 25
22 30 33 13
10 28 37 16
23 20 95 16
3 30 93 6
16 20 99 16
17 23 80 13
11 27 24 14
24 1 57 17
12 14 55 13
14 19 10 3
23 7 40 30
11 29 28 13
2 1 36 29
20 24 57 5
25 20 88 10
24 13 95 4
2 29 81 6
7 11 82 9
28 18 92 24
2 7 100 30
25 9 91 21
1 23 64 16
21 30 55 10
16 13 41 29
8 26 83 22
1 18 80 17
14 26 57 28
5 9 36 15
17 5 24 8
30 26 57 10
9 22 5 3
3 6 12 29
30 135
7 26
25 16 51 19
23 4 12 24
11 24 63 30
12 10 57 7
5 1 47 9
13 2 33 25
8 10 76 19
10 3 83 3
16 23 59 25
25 8 41 25
21 5 45 3
23 20 57 7
30 23 2 20
11 7 73 27
18 22 65 15
7 12 15 12
22 30 25 22
5 14 60 26
1 14 25 3
1 21 15 7
25 20 92 4
8 13 40 4
19 10 87 26
5 22 61 26
3 25 88 20
12 3 48 22
28 21 60 21
4 18 65 9
10 7 53 9
17 27 2 4
3 24 60 20
15 25 89 30
18 29 3 4
4 30 11 9
26 27 17 16
4 14 98 29
7 19 61 16
29 5 74 27
27 5 94 15
11 19 18 16
12 19 44 6
21 23 94 19
27 1 73 29
8 20 95 23
15 8 18 10
29 16 6 18
20 30 81 4
6 18 72 16
12 9 21 9
28 26 8 8
24 25 70 21
23 25 38 1
19 9 84 11
2 10 57 13
4 1 92 21
22 15 10 10
15 29 53 12
6 29 26 8
14 21 52 10
8 16 20 15
14 22 65 4
24 8 51 10
11 13 61 12
3 11 9 11
12 24 17 22
19 13 61 22
5 4 71 4
20 18 94 19
20 2 88 2
2 24 8 19
18 15 15 13
28 5 55 7
21 22 60 6
16 15 61 6
3 8 76 14
20 3 28 26
10 13 25 1
27 14 75 20
29 4 88 22
2 3 90 8
25 13 69 9
14 17 63 2
1 6 94 3
13 12 90 10
6 5 13 9
18 30 43 30
9 7 79 4
22 23 31 26
21 4 4 27
18 16 94 8
15 20 17 24
9 11 98 28
15 23 3 1
30 29 66 23
23 18 3 24
17 28 2 12
28 1 82 21
26 1 93 11
10 11 50 11
17 26 18 3
30 25 28 8
2 8 17 27
6 4 8 10
19 24 91 21
5 17 37 17
23 29 56 8
1 17 57 26
2 16 56 11
20 16 71 24
9 24 81 22
2 25 64 6
13 20 64 21
29 22 58 15
22 6 25 10
16 30 44 28
28 27 72 13
3 16 82 23
14 6 68 14
21 29 94 3
18 21 47 19
11 12 87 12
26 14 17 12
6 28 65 15
2 15 73 5
15 30 61 17
4 22 88 18
11 2 33 20
24 13 24 2
27 6 80 9
9 10 11 19
6 21 76 11
24 10 2 16
14 28 37 2
13 3 91 29
30 8 35 24
30 435
2 30
6 15 9 1
15 8 31 1
29 23 37 1
24 1 1 1
16 27 11 1
9 19 7 1
8 28 27 1
25 6 11 1
29 17 25 1
11 29 39 1
14 27 13 1
21 17 21 1
23 20 25 1
6 12 17 1
7 12 13 1
9 21 33 1
17 28 5 1
28 20 19 1
8 25 29 1
18 19 21 1
12 14 17 1
22 24 11 1
12 13 29 1
11 8 35 1
10 22 5 1
12 26 21 1
4 7 25 1
28 7 9 1
22 23 7 1
3 1 29 1
18 1 23 1
2 1 31 1
17 27 29 1
14 10 13 1
12 2 23 1
9 18 29 1
1 7 21 1
2 23 13 1
20 21 35 1
6 23 7 1
18 15 7 1
7 10 17 1
10 12 3 1
12 18 15 1
26 3 43 1
9 23 23 1
23 15 1 1
23 5 35 1
10 23 13 1
27 6 49 1
9 14 3 1
12 3 21 1
3 16 41 1
30 8 9 1
22 18 13 1
25 4 17 1
24 16 9 1
29 16 7 1
27 10 27 1
29 5 1 1
10 16 15 1
1 29 19 1
25 26 27 1
10 8 19 1
18 24 25 1
2 5 49 1
29 4 15 1
1 26 13 1
1 12 7 1
25 16 25 1
24 23 19 1
4 18 27 1
24 20 5 1
28 6 13 1
27 3 53 1
7 13 43 1
20 5 9 1
5 26 3 1
16 7 33 1
7 2 9 1
19 13 23 1
2 6 5 1
20 27 15 1
20 8 7 1
30 25 39 1
22 17 3 1
25 18 9 1
25 20 21 1
15 3 13 1
28 14 21 1
4 10 7 1
15 25 1 1
18 13 45 1
29 27 3 1
7 22 11 1
16 21 39 1
18 29 43 1
19 20 9 1
30 5 7 1
27 26 9 1
27 18 47 1
28 23 5 1
28 12 3 1
18 30 49 1
13 3 51 1
16 6 37 1
5 18 41 1
13 27 1 1
28 16 23 1
20 13 13 1
22 13 31 1
14 16 1 1
7 5 39 1
9 12 13 1
16 1 11 1
14 4 5 1
8 19 17 1
20 26 5 1
16 5 5 1
14 6 35 1
27 2 55 1
30 22 35 1
10 13 25 1
28 4 15 1
30 12 33 1
20 6 33 1
18 28 11 1
12 5 25 1
2 28 19 1
1 8 15 1
7 17 15 1
15 20 23 1
12 22 1 1
7 15 5 1
23 16 29 1
17 19 3 1
11 5 37 1
4 1 3 1
12 27 31 1
26 18 37 1
30 10 29 1
3 29 49 1
12 25 5 1
24 28 13 1
10 6 21 1
10 3 25 1
21 22 17 1
9 10 9 1
24 29 17 1
29 12 27 1
24 30 23 1
3 25 15 1
11 30 45 1
8 22 25 1
2 13 53 1
24 6 27 1
11 4 23 1
11 22 9 1
14 30 15 1
25 24 15 1
30 4 21 1
10 21 23 1
23 11 1 1
20 2 39 1
28 29 31 1
28 3 17 1
21 18 3 1
10 11 15 1
24 2 33 1
29 15 35 1
23 14 27 1
15 14 25 1
26 28 25 1
10 20 11 1
27 9 17 1
2 8 47 1
15 30 41 1
25 27 37 1
13 23 39 1
5 8 1 1
23 27 41 1
30 6 51 1
8 18 39 1
30 23 43 1
9 13 15 1
7 25 7 1
11 24 21 1
7 27 45 1
9 20 1 1
5 4 13 1
20 18 31 1
27 5 5 1
15 12 7 1
14 24 7 1
6 9 31 1
11 16 31 1
24 21 29 1
5 3 47 1
19 25 11 1
1 23 17 1
30 13 3 1
30 20 17 1
7 21 5 1
29 7 41 1
6 17 19 1
13 28 33 1
1 14 9 1
23 3 11 1
22 29 29 1
8 3 45 1
4 20 3 1
15 26 29 1
3 17 23 1
4 22 13 1
9 17 11 1
25 2 17 1
17 16 17 1
10 25 9 1
6 7 3 1
1 27 23 1
15 28 3 1
27 30 1 1
19 5 19 1
10 18 19 1
5 10 21 1
3 9 35 1
17 11 13 1
6 29 45 1
13 15 37 1
9 16 5 1
6 21 1 1
1 19 1 1
19 26 15 1
29 25 33 1
22 3 19 1
16 26 1 1
25 13 35 1
24 10 5 1
22 1 9 1
4 19 5 1
6 3 3 1
19 15 13 1
17 25 7 1
26 8 1 1
4 3 33 1
7 26 35 1
11 7 1 1
21 12 19 1
14 8 5 1
30 16 13 1
4 17 9 1
2 15 15 1
3 18 5 1
2 14 41 1
12 23 9 1
22 6 15 1
4 15 19 1
16 18 35 1
17 1 5 1
13 4 17 1
9 30 19 1
5 6 43 1
25 14 23 1
20 12 15 1
29 8 3 1
11 15 3 1
6 1 25 1
1 28 11 1
12 19 5 1
8 24 13 1
3 21 1 1
28 25 1 1
11 20 27 1
9 4 1 1
12 11 11 1
17 14 15 1
16 20 3 1
23 21 9 1
14 13 11 1
30 28 37 1
29 20 11 1
29 9 13 1
26 23 31 1
14 19 11 1
22 26 23 1
20 22 17 1
20 1 7 1
11 1 19 1
11 9 25 1
16 12 19 1
13 11 41 1
28 11 7 1
13 17 27 1
22 16 21 1
7 19 19 1
29 14 9 1
11 27 43 1
14 22 19 1
5 15 33 1
17 10 1 1
24 27 21 1
7 18 1 1
11 26 33 1
8 4 11 1
22 28 1 1
13 8 5 1
8 23 33 1
11 2 11 1
3 20 37 1
22 25 3 1
30 2 57 1
21 26 41 1
1 9 5 1
4 21 31 1
1 15 15 1
1 21 27 1
17 26 19 1
19 27 25 1
9 8 9 1
10 28 7 1
19 6 23 1
9 26 7 1
23 17 11 1
5 28 29 1
19 2 29 1
13 26 7 1
3 30 55 1
7 14 31 1
4 27 19 1
26 10 17 1
13 6 47 1
5 17 23 1
19 29 21 1
18 23 5 1
17 15 9 1
19 21 25 1
8 7 37 1
26 24 11 1
4 23 21 1
28 19 9 1
11 18 3 1
2 26 45 1
21 28 15 1
4 12 11 1
30 1 25 1
19 16 13 1
5 9 11 1
21 29 47 1
18 2 7 1
17 12 1 1
6 26 39 1
2 9 37 1
15 16 27 1
15 21 11 1
3 2 1 1
2 22 21 1
25 9 19 1
9 7 27 1
29 13 1 1
19 22 7 1
5 24 15 1
12 8 23 1
15 22 5 1
24 13 19 1
26 14 3 1
5 13 3 1
4 16 7 1
11 21 7 1
7 24 23 1
30 29 5 1
10 29 23 1
9 24 3 1
6 8 41 1
23 25 3 1
19 11 17 1
2 29 51 1
11 3 9 1
6 11 5 1
3 19 27 1
5 14 7 1
30 21 53 1
27 22 33 1
15 10 11 1
17 24 7 1
18 14 33 1
21 5 45 1
2 10 27 1
26 30 11 1
27 21 51 1
25 5 31 1
5 22 27 1
14 3 39 1
27 8 7 1
9 28 17 1
2 17 25 1
29 26 5 1
25 1 13 1
11 25 5 1
7 30 47 1
2 21 3 1
4 26 9 1
17 8 21 1
9 15 21 1
20 14 1 1
6 18 1 1
13 1 21 1
11 14 29 1
1 5 17 1
21 13 49 1
7 23 3 1
24 4 1 1
19 23 15 1
4 6 29 1
21 14 37 1
10 1 3 1
3 7 7 1
17 18 17 1
25 21 13 1
20 17 13 1
24 19 3 1
8 16 3 1
2 16 43 1
22 9 15 1
12 24 9 1
20 7 29 1
24 3 31 1
13 16 9 1
30 17 31 1
8 21 43 1
19 30 27 1
10 19 1 1
27 15 39 1
28 27 35 1
15 24 17 1
4 2 35 1
26 26
2 21
4 8 2 10
21 16 2 10
19 22 2 10
15 9 1 1
7 9 1 1
19 25 2 10
2 3 1 1
5 16 2 10
12 23 1 1
26 6 2 10
13 20 1 1
22 2 2 10
17 24 1 1
13 14 1 1
14 3 1 1
1 8 2 10
11 18 2 10
17 7 1 1
21 10 1 1
12 15 1 1
11 1 2 10
6 4 2 10
5 18 2 10
20 24 1 1
26 25 2 10
10 23 1 1
30 57
9 20
21 3 9 28
20 26 5 21
22 25 1 22
12 15 8 30
8 11 4 29
21 27 10 22
7 10 8 25
6 28 4 27
18 22 8 30
4 29 3 27
4 15 5 26
26 6 6 22
4 12 5 25
7 16 6 20
27 24 2 30
13 1 6 23
25 18 6 29
3 10 8 27
19 1 5 24
12 5 8 20
4 24 2 29
3 27 9 22
25 17 9 29
11 30 10 27
29 27 10 29
22 17 1 22
8 30 5 25
28 26 6 21
29 15 8 22
23 28 10 29
11 9 10 24
16 30 3 26
19 13 8 25
25 14 5 24
14 18 1 26
2 5 8 21
22 5 9 30
8 9 2 28
16 3 2 29
10 21 8 28
15 2 10 30
14 19 9 20
20 6 1 27
30 7 5 21
17 5 3 30
2 17 4 26
24 29 5 20
23 26 1 23
21 24 7 20
8 7 3 28
14 13 7 22
18 19 10 22
23 13 1 25
1 23 4 23
28 1 3 28
2 12 4 30
16 10 4 25
30 94
4 20
3 6 98 6
28 11 14 3
17 18 29 24
11 25 78 15
26 25 91 9
23 29 31 17
19 10 33 14
13 10 68 27
20 21 68 3
10 11 50 12
17 28 4 11
8 22 6 22
13 17 28 28
23 14 36 28
13 26 90 9
1 25 18 23
27 22 63 15
3 13 13 16
19 5 51 20
10 21 65 25
11 3 56 17
11 17 68 13
18 3 59 19
26 15 23 2
1 9 6 29
6 15 79 12
11 14 69 21
29 20 46 21
15 3 97 28
24 18 45 7
17 2 48 6
13 7 66 15
6 22 69 25
4 13 82 3
16 23 62 30
1 19 46 3
1 16 98 19
29 21 10 25
12 27 73 8
19 30 91 29
1 5 2 6
21 5 13 4
9 24 96 23
16 19 45 29
2 28 35 12
8 20 36 17
8 27 68 1
14 10 23 20
9 13 71 1
14 6 83 7
9 18 34 24
28 13 72 20
30 6 12 22
1 14 63 21
5 25 73 17
11 1 61 12
27 29 40 11
7 17 43 2
28 25 94 9
6 17 30 8
14 17 7 19
30 16 11 30
6 23 53 7
5 29 80 11
11 7 67 21
15 1 22 2
1 23 31 3
17 15 10 10
24 4 68 2
15 30 20 2
12 23 29 23
10 25 26 1
23 19 18 17
23 22 13 1
22 19 14 26
2 26 43 21
15 9 53 29
4 26 28 14
7 24 100 10
30 23 53 30
5 16 90 28
23 5 71 25
15 16 89 23
13 15 26 8
9 7 81 3
6 21 17 14
27 19 45 2
10 23 63 20
2 24 17 11
4 28 4 24
9 26 50 15
30 27 63 29
27 16 8 9
12 30 89 24
30 29
11 6
25 22 100 2
11 1 100 1
7 4 100 1
25 3 100 2
20 18 100 2
13 21 100 1
5 14 100 1
29 26 100 2
28 27 100 1
16 17 100 2
19 7 100 2
2 9 100 2
10 9 100 2
8 26 100 2
30 1 100 1
30 22 100 1
20 3 100 1
16 29 100 2
8 12 100 1
24 23 100 2
15 23 100 1
19 10 100 1
13 14 100 1
28 4 100 2
12 21 100 1
2 6 100 2
17 18 100 1
5 24 100 1
15 27 100 2
30 55
15 11
17 1 76 4
7 13 72 9
9 12 9 5
30 26 42 26
9 20 78 1
24 29 2 5
15 12 41 24
1 15 42 16
22 13 24 19
7 12 63 8
23 17 91 30
6 22 34 18
21 28 24 30
8 20 77 9
2 29 19 7
29 18 37 28
26 8 50 1
4 23 14 20
12 29 92 22
22 24 71 19
15 5 84 9
19 30 16 18
4 6 20 5
30 14 59 1
15 4 74 14
14 15 34 10
21 30 100 10
19 3 66 24
18 11 40 5
16 5 32 13
27 28 9 15
21 4 43 24
4 25 68 25
5 30 9 14
14 25 23 20
25 6 3 18
12 30 23 25
27 15 81 18
27 23 33 20
6 17 90 7
6 19 25 16
7 26 37 1
18 21 71 8
6 26 65 14
25 20 99 3
10 16 83 20
7 11 12 2
28 8 18 10
2 19 10 7
10 27 66 8
8 5 26 2
11 16 15 4
12 24 27 17
21 29 67 20
3 25 44 20
30 104
7 4
3 22 100 1
22 23 100 1
12 21 100 1
10 29 100 1
11 23 100 1
27 17 100 1
15 21 100 1
22 14 100 1
5 27 100 1
24 2 100 1
20 21 100 1
8 26 100 1
13 19 100 1
25 26 100 1
25 14 100 1
15 9 100 1
23 10 100 1
24 9 100 1
17 9 100 1
5 2 100 1
15 7 100 1
17 18 100 1
8 6 100 1
13 17 100 1
10 24 100 1
7 19 100 1
28 2 100 1
17 10 100 1
22 26 100 1
19 21 100 1
17 21 100 1
11 6 100 1
13 29 100 1
30 2 100 1
25 28 100 1
27 24 100 1
9 29 100 1
8 28 100 1
25 1 100 1
30 16 100 1
24 16 100 1
2 23 100 1
15 13 100 1
22 6 100 1
1 8 100 1
13 20 100 1
12 13 100 1
26 11 100 1
4 1 100 1
11 28 100 1
10 5 100 1
1 11 100 1
30 25 100 1
9 19 100 1
30 8 100 1
2 6 100 1
4 3 100 1
24 21 100 1
24 18 100 1
9 20 100 1
11 14 100 1
16 17 100 1
14 4 100 1
27 30 100 1
10 30 100 1
22 28 100 1
23 25 100 1
12 9 100 1
30 11 100 1
10 28 100 1
22 1 100 1
29 27 100 1
29 18 100 1
20 7 100 1
18 12 100 1
11 3 100 1
27 23 100 1
12 7 100 1
21 5 100 1
5 9 100 1
5 18 100 1
28 27 100 1
17 2 100 1
18 19 100 1
15 18 100 1
30 22 100 1
28 16 100 1
13 24 100 1
14 8 100 1
18 20 100 1
5 13 100 1
21 29 100 1
16 23 100 1
4 26 100 1
6 27 100 1
3 25 100 1
3 8 100 1
23 8 100 1
6 10 100 1
16 29 100 1
16 5 100 1
6 16 100 1
2 29 100 1
6 25 100 1
10 45
9 3
9 6 97 1
7 9 87 1
8 4 54 1
4 1 100 1
5 8 97 1
4 5 56 1
2 1 59 1
2 7 54 1
4 10 94 1
9 10 97 1
10 7 91 1
6 5 63 1
8 2 91 1
5 10 85 1
6 8 63 1
10 8 75 1
2 4 74 1
4 6 72 1
6 1 97 1
2 6 71 1
3 8 88 1
7 5 69 1
1 10 59 1
2 9 77 1
4 7 54 1
5 3 66 1
9 4 78 1
3 2 86 1
2 10 67 1
9 3 54 1
3 7 90 1
5 9 98 1
1 5 90 1
3 6 52 1
5 2 87 1
10 3 69 1
3 1 57 1
3 4 88 1
6 7 64 1
6 10 96 1
8 1 65 1
9 1 62 1
8 7 73 1
1 7 51 1
9 8 61 1
4 2
3 2
1 3 1 30
2 4 1 30
30 39
25 19
21 26 3 30
11 29 3 30
5 1 3 30
26 2 3 30
7 12 1 30
19 30 1 30
29 22 97 6
24 8 1 30
13 16 2 30
2 21 1 30
5 3 2 30
30 14 99 5
28 29 3 30
16 12 95 10
18 9 2 30
10 9 1 30
10 18 3 30
22 25 2 30
3 2 96 18
4 30 3 30
12 17 1 30
7 17 1 30
17 6 95 17
13 20 3 30
27 8 2 30
15 25 1 30
16 20 1 30
14 23 3 30
4 19 1 30
6 23 2 30
15 22 2 30
1 3 2 30
24 1 98 9
18 13 100 21
11 28 1 30
6 14 3 30
8 28 94 10
27 24 3 30
21 9 98 23
30 31
19 2
24 27 100 30
26 15 100 30
30 5 100 30
13 28 1 30
23 27 100 30
20 12 100 30
22 29 100 30
28 19 1 30
4 18 100 30
20 23 100 30
1 24 100 30
2 9 1 30
11 6 100 30
16 25 100 30
8 2 1 30
16 21 100 30
9 5 100 30
4 12 100 30
15 7 100 30
3 21 100 30
18 17 100 30
10 13 100 30
9 8 1 30
6 17 100 30
30 3 100 30
1 26 100 30
14 11 100 30
19 13 1 30
7 25 100 30
14 29 100 30
22 10 100 30
30 435
15 7
5 22 55 14
7 22 46 12
7 16 17 29
16 25 12 20
6 25 52 16
8 26 39 2
12 4 24 8
1 6 94 18
28 24 33 19
6 7 74 27
4 23 38 22
10 23 55 15
20 23 22 18
15 8 86 10
6 27 83 27
10 20 36 5
28 7 5 5
4 29 78 23
27 24 8 10
20 12 85 24
14 24 20 5
9 30 52 5
20 19 59 7
22 2 44 24
3 29 59 18
1 7 54 23
1 30 12 7
23 2 70 4
8 4 41 5
7 3 45 28
16 5 85 16
3 24 20 21
16 12 45 29
26 12 38 17
16 23 13 26
18 20 1 7
4 1 67 14
30 19 14 20
5 10 23 27
12 6 57 29
16 11 80 8
19 24 50 19
12 9 65 3
15 19 34 21
30 11 92 27
19 18 61 13
15 27 46 22
13 19 19 7
18 10 67 26
21 30 72 21
30 17 80 8
13 14 61 5
17 18 68 28
24 1 67 13
30 26 69 9
18 16 85 8
14 8 71 30
20 15 90 13
13 17 89 23
21 5 47 15
11 25 52 8
8 2 27 30
16 28 43 16
22 14 96 1
30 23 23 4
26 20 40 8
16 1 61 27
1 17 55 12
2 24 40 13
5 23 97 16
14 1 29 25
19 10 84 20
15 18 38 7
23 13 56 21
9 6 55 26
4 25 48 9
27 30 30 20
9 27 90 21
2 1 28 18
18 21 10 18
20 5 36 16
21 8 46 23
16 8 48 18
13 28 22 3
4 2 10 11
8 29 51 25
16 24 56 24
11 19 48 24
3 20 21 12
26 9 97 2
18 25 96 11
21 12 22 11
16 22 42 14
17 24 4 19
9 21 94 24
3 6 27 29
18 28 54 9
2 30 88 30
27 5 87 17
8 22 93 25
25 8 81 24
1 28 95 12
15 21 9 20
10 14 14 10
3 30 88 22
10 15 13 28
3 13 93 14
3 8 89 30
29 16 23 23
29 12 33 19
17 20 40 8
15 2 84 23
17 14 69 9
23 15 5 5
8 18 29 23
2 29 93 14
7 15 22 27
14 29 4 28
6 18 93 3
18 9 74 9
16 27 2 30
4 30 10 1
3 22 93 3
15 9 100 16
5 8 11 18
14 20 75 19
6 5 74 27
15 28 30 20
6 29 3 26
28 8 80 27
9 4 50 26
16 2 17 6
7 25 8 11
27 11 81 7
11 18 66 2
29 10 21 14
30 16 61 29
9 2 9 1
12 22 90 2
7 9 34 14
3 23 13 30
30 10 92 28
10 9 85 9
14 19 25 19
3 15 70 30
25 30 92 4
9 5 41 9
26 14 73 16
15 5 90 10
23 11 18 26
3 27 53 10
25 15 73 11
19 22 12 20
4 10 32 6
28 20 29 27
26 15 22 3
14 2 54 19
7 14 76 27
27 22 53 19
2 5 35 19
19 1 58 24
26 1 84 13
8 17 26 1
24 4 2 22
8 6 30 13
19 23 28 8
2 26 46 23
14 16 49 12
18 1 60 18
19 5 45 17
23 8 17 18
6 14 88 10
4 11 29 9
1 27 93 8
21 1 26 3
24 5 64 21
21 22 81 21
29 13 67 15
26 10 70 27
11 10 86 15
23 29 8 11
28 17 64 8
28 30 19 3
20 1 80 27
8 24 52 23
4 20 26 30
18 4 97 7
22 4 14 25
30 24 64 5
1 22 38 12
9 17 2 10
25 21 3 7
23 22 36 6
6 11 85 30
6 13 58 22
2 10 77 16
29 20 5 25
16 3 58 2
6 28 98 25
5 7 65 15
30 14 47 2
26 21 1 10
28 21 98 25
15 14 53 18
24 25 37 3
8 11 70 8
25 2 14 2
21 17 38 9
28 26 98 11
23 18 20 9
3 1 39 27
17 16 41 16
2 17 79 6
28 12 87 12
9 11 88 13
24 26 60 2
9 8 16 9
27 20 49 24
1 12 2 9
17 26 9 24
15 4 33 17
17 7 8 10
16 26 35 30
14 21 78 2
19 8 5 9
13 9 100 19
20 7 50 29
1 15 36 1
14 3 27 18
20 16 70 29
20 2 90 29
10 7 71 1
20 11 25 28
7 29 13 16
12 3 21 9
21 13 5 26
11 21 33 17
19 3 74 29
12 24 77 18
13 5 39 30
8 20 4 25
30 13 58 24
28 10 2 12
22 26 2 13
27 8 95 9
5 30 16 2
24 13 58 28
11 15 10 1
7 19 46 7
27 21 73 10
25 29 55 13
8 30 37 24
17 10 48 16
28 2 36 25
10 3 74 4
13 10 61 17
16 10 27 18
29 9 29 10
6 19 8 8
4 28 38 7
26 27 72 22
23 6 94 14
12 17 57 28
7 18 80 1
13 4 22 9
1 8 64 20
12 13 70 30
8 10 8 23
19 25 55 6
29 11 89 2
14 9 76 10
29 30 45 17
8 12 63 29
7 26 3 21
17 27 45 10
13 20 37 1
15 30 70 23
19 9 54 27
19 26 46 7
4 14 47 30
11 22 70 6
3 5 13 27
22 28 86 22
29 19 27 21
18 24 85 19
27 14 72 14
12 14 68 26
4 5 90 10
17 19 14 18
23 26 13 5
22 25 54 8
27 4 88 27
2 12 16 19
19 16 55 1
3 2 37 18
21 23 95 11
15 16 66 4
7 4 11 26
22 10 78 17
30 12 93 1
17 5 98 6
15 22 72 13
22 13 63 20
1 5 48 26
13 27 35 12
2 7 29 21
16 6 22 14
15 13 39 10
7 12 37 12
17 3 35 27
10 24 92 26
4 21 89 22
17 6 51 11
23 24 86 26
12 15 36 25
12 25 39 14
2 19 46 4
21 3 15 28
10 27 7 3
14 28 98 3
3 28 68 3
22 6 57 6
9 22 7 13
25 5 92 26
18 5 27 6
18 2 73 17
14 25 28 2
18 12 32 12
26 29 35 8
10 1 48 29
25 9 71 15
16 13 80 14
11 28 99 10
17 22 16 19
20 30 91 12
3 4 22 8
24 22 75 18
5 11 91 23
19 27 82 19
27 29 68 18
25 17 96 10
9 3 46 1
28 5 6 30
11 3 80 22
7 8 93 12
4 26 55 26
10 12 13 2
27 2 55 25
6 15 25 16
7 13 25 30
22 29 47 4
10 6 13 24
16 4 35 1
20 9 74 20
25 27 73 5
14 11 68 9
6 2 21 13
6 30 65 4
25 26 36 1
24 20 94 6
15 17 14 27
29 15 57 21
3 26 14 1
18 22 94 7
27 12 28 21
21 19 75 1
24 29 97 21
25 28 45 10
18 27 98 28
26 18 55 26
23 28 50 19
23 12 11 16
24 9 55 29
4 19 71 13
21 10 47 14
1 25 97 5
17 11 21 26
23 25 94 18
18 3 78 1
29 18 35 21
11 1 90 8
13 11 89 29
21 7 55 16
30 7 1 14
24 6 83 21
18 13 21 25
23 14 45 8
7 24 75 14
29 28 99 22
5 26 4 6
11 7 83 5
29 17 24 19
27 7 87 29
1 9 79 2
9 16 97 16
1 29 56 19
26 6 56 19
24 21 56 5
21 20 24 7
25 13 51 9
11 2 72 19
4 6 8 25
6 21 58 23
11 12 76 1
19 28 1 24
1 13 95 8
26 11 61 28
27 23 42 16
25 20 38 29
25 3 15 8
27 28 35 21
28 9 38 13
15 24 35 17
7 23 16 2
23 17 14 16
12 19 4 17
5 12 41 21
30 22 1 28
2 13 88 22
14 18 13 12
20 22 43 28
24 11 14 25
29 5 90 29
21 29 89 8
10 25 43 14
5 14 46 7
16 21 31 5
9 23 34 24
13 8 36 7
21 2 87 8
20 6 92 15
23 1 85 9
26 13 12 16
18 30 51 19
4 17 23 8
30 29
19 15
14 10 97 4
24 13 70 1
12 25 44 6
4 17 83 6
9 2 19 19
23 8 43 3
22 3 91 9
4 30 65 8
29 21 11 13
1 21 29 14
26 5 62 16
8 10 50 13
27 6 23 2
1 13 78 19
16 24 44 10
18 16 65 10
12 11 87 10
2 17 37 9
28 29 98 26
18 7 65 23
11 22 33 15
20 15 67 18
25 6 65 5
26 30 100 26
7 3 81 3
28 5 25 1
27 20 17 30
23 19 11 7
9 14 7 12
28 351
2 13
16 4 26 8
10 23 98 26
9 3 97 22
21 2 24 14
16 7 29 28
28 10 8 23
26 10 28 7
8 17 74 5
23 8 58 8
9 25 90 24
15 23 66 9
16 8 82 22
1 9 68 10
5 4 94 18
12 14 14 26
25 24 91 17
23 6 23 11
3 24 69 23
3 25 48 16
28 21 2 9
11 10 54 30
22 18 35 21
9 26 94 1
20 21 45 17
17 10 72 8
25 16 89 7
7 5 13 5
4 14 85 2
2 23 78 4
24 27 70 16
15 8 52 16
1 5 75 1
6 12 86 28
22 2 46 13
22 15 47 23
6 2 97 22
14 1 70 26
27 8 16 25
24 22 63 14
20 10 12 8
24 14 76 14
4 10 89 9
18 2 3 20
10 9 6 1
1 11 60 4
21 11 23 6
22 8 94 14
26 18 15 9
28 26 34 24
11 2 72 1
8 20 66 19
21 27 99 29
15 10 66 5
18 28 56 29
4 2 10 29
27 11 10 20
5 22 13 18
22 3 20 16
21 5 65 27
27 23 61 17
1 25 76 10
3 2 79 10
3 21 71 6
28 11 11 2
5 17 36 27
7 8 11 4
27 18 4 20
22 27 3 6
8 12 65 24
20 15 68 3
21 26 65 23
10 19 75 3
18 23 36 1
9 15 43 12
8 6 78 21
22 10 95 16
7 9 31 27
27 25 97 21
5 9 90 11
23 4 11 3
7 22 96 11
23 22 19 19
11 24 23 19
15 26 32 17
26 6 18 23
12 18 1 19
24 2 44 5
12 3 65 20
14 2 98 28
17 20 25 18
14 3 32 6
18 17 51 4
20 23 69 25
19 28 73 18
17 11 72 7
20 27 19 3
17 22 3 19
21 15 67 5
15 19 78 12
17 21 37 22
7 23 43 25
8 11 25 5
12 23 54 25
15 28 17 29
7 19 47 30
24 8 86 29
14 16 85 30
2 15 41 24
28 16 85 22
3 15 58 16
26 11 51 30
5 15 28 26
18 24 26 8
9 17 18 22
21 9 65 26
14 6 36 8
18 10 23 22
14 17 34 26
7 27 53 29
9 14 89 17
28 20 41 16
22 12 83 18
28 22 64 20
9 11 12 7
25 18 85 28
5 25 100 25
9 6 69 15
24 19 80 13
8 21 38 12
12 9 69 13
27 16 93 14
9 2 57 3
12 17 14 2
10 16 79 21
7 12 15 28
10 3 67 26
1 8 98 13
28 23 17 19
4 26 62 16
22 14 21 17
3 11 18 4
21 23 19 17
20 2 54 20
20 1 87 21
12 21 27 1
5 8 73 13
16 26 8 25
8 4 18 9
16 1 11 9
4 11 16 1
21 10 70 5
28 2 72 14
17 26 77 11
4 7 15 8
28 3 92 25
25 10 20 19
26 5 9 9
12 26 2 4
20 25 83 28
6 7 52 29
15 24 75 15
1 22 6 7
16 5 33 18
28 6 1 21
4 21 72 9
11 20 24 27
11 18 79 21
22 11 82 20
25 21 30 11
27 12 15 5
5 24 17 22
18 3 64 12
19 12 40 27
14 7 66 1
10 1 51 4
22 19 7 30
22 4 7 26
28 4 81 17
5 28 76 30
7 2 95 16
28 7 77 24
1 6 85 8
14 18 1 1
19 3 30 28
27 26 69 29
9 19 44 22
5 11 22 10
3 20 61 24
1 3 73 14
5 27 10 14
28 8 35 5
4 9 15 17
28 14 30 22
27 14 76 13
11 23 20 30
10 14 48 2
3 6 89 14
5 18 24 8
2 1 58 6
27 19 10 19
20 14 76 3
6 4 65 22
9 8 80 6
9 16 97 5
7 25 94 26
18 8 5 20
11 7 44 9
2 8 84 17
21 1 56 10
20 7 10 10
23 26 6 3
4 12 89 18
5 14 10 9
10 8 21 3
23 24 44 25
12 5 73 8
7 21 74 5
17 7 30 22
25 26 32 28
10 27 88 18
7 10 88 16
17 15 6 1
24 16 71 30
7 15 88 20
5 6 18 24
9 28 95 30
19 23 38 7
9 18 48 5
21 24 7 4
16 19 4 10
3 27 35 21
12 11 80 17
16 15 63 30
11 25 95 13
24 9 46 9
27 9 87 5
23 14 31 4
21 14 55 22
16 11 100 29
4 20 52 6
3 7 50 10
18 1 34 12
5 19 16 13
22 25 24 23
23 25 94 4
15 12 49 16
2 12 45 17
24 7 61 24
26 20 44 21
19 1 46 12
19 21 62 8
25 8 89 11
6 19 100 20
6 11 72 9
16 3 84 23
17 4 86 12
4 27 60 13
6 27 82 16
23 9 76 24
2 16 26 30
4 24 89 8
19 25 96 16
26 14 41 30
15 14 59 26
12 25 98 22
25 6 60 19
14 8 6 2
15 1 58 1
6 16 15 12
12 24 78 29
2 19 53 5
6 17 47 12
19 11 83 6
3 17 95 15
17 24 88 6
26 7 50 26
27 17 35 2
17 16 13 22
18 16 58 16
25 14 92 2
24 1 55 18
17 1 32 2
14 19 37 20
16 22 75 5
18 19 21 5
19 20 14 26
26 19 54 2
2 27 54 14
10 5 43 26
15 18 35 13
20 24 87 28
12 1 57 10
18 4 56 17
2 10 26 26
25 28 94 27
26 8 12 17
6 21 2 18
3 5 66 15
4 15 72 23
3 4 83 4
17 28 61 14
5 2 51 8
10 12 59 28
4 1 46 25
28 27 24 6
25 15 77 14
28 12 68 19
20 6 97 4
1 28 1 3
3 8 90 30
20 16 4 27
1 23 35 26
6 22 13 2
25 4 98 13
6 18 5 29
22 26 97 4
5 20 71 28
21 18 65 1
10 24 80 4
15 27 100 17
20 12 88 7
20 9 12 19
21 22 81 9
1 26 90 25
18 20 12 25
17 25 65 25
9 22 52 13
27 1 79 22
23 5 88 23
14 11 25 27
23 16 72 22
22 20 46 9
23 3 67 20
24 6 13 20
12 16 46 21
16 21 53 26
24 26 29 22
7 1 11 1
8 19 91 20
15 11 25 25
24 28 39 16
2 26 89 10
4 19 22 20
17 19 25 5
7 18 86 16
25 2 83 24
6 10 67 4
6 15 15 6
3 26 50 28
2 17 75 1
17 23 14 22
22 28
8 12
18 17 54 22
7 4 53 6
2 10 30 27
11 2 91 24
5 7 82 26
3 21 92 16
16 15 64 5
3 6 36 14
10 21 30 21
13 9 44 5
4 3 84 10
20 17 19 26
12 19 77 6
20 1 31 4
14 11 100 11
5 11 33 13
9 16 83 4
2 12 50 27
19 18 85 11
14 7 60 4
13 15 30 1
20 22 2 12
4 8 21 20
8 1 64 13
18 22 4 4
9 1 75 8
10 6 100 2
15 19 21 7
30 434
4 26
1 6 1 30
15 10 1 30
11 30 1 30
14 22 1 30
25 27 1 30
13 11 1 30
4 1 100 30
28 12 1 30
13 8 1 30
5 8 1 30
7 4 100 30
7 28 1 30
25 15 1 30
15 18 1 30
21 17 1 30
22 8 1 30
6 30 1 30
20 5 1 30
5 26 100 30
2 9 1 30
22 29 1 30
9 22 1 30
3 7 1 30
24 25 1 30
19 21 1 30
3 24 1 30
5 1 1 30
11 15 1 30
13 7 1 30
8 17 1 30
14 13 1 30
19 1 1 30
12 24 1 30
17 7 1 30
28 6 1 30
28 25 1 30
30 19 1 30
7 15 1 30
29 26 100 30
18 3 1 30
25 14 1 30
15 29 1 30
18 6 1 30
15 27 1 30
6 12 1 30
5 3 1 30
27 5 1 30
22 26 100 30
29 17 1 30
16 1 1 30
29 24 1 30
13 23 1 30
27 14 1 30
19 14 1 30
21 25 1 30
22 30 1 30
11 21 1 30
17 23 1 30
3 21 1 30
7 1 1 30
23 19 1 30
14 15 1 30
14 12 1 30
2 24 1 30
9 12 1 30
21 30 1 30
4 5 100 30
10 30 1 30
6 11 1 30
18 12 1 30
7 23 1 30
20 19 1 30
7 25 1 30
4 6 100 30
27 17 1 30
5 25 1 30
8 23 1 30
3 8 1 30
15 2 1 30
21 20 1 30
11 26 100 30
29 16 1 30
25 29 1 30
9 14 1 30
18 22 1 30
28 18 1 30
16 9 1 30
13 15 1 30
12 10 1 30
3 22 1 30
1 27 1 30
16 6 1 30
24 30 1 30
14 18 1 30
20 15 1 30
24 6 1 30
12 29 1 30
25 22 1 30
18 21 1 30
19 12 1 30
30 17 1 30
26 10 100 30
15 21 1 30
20 13 1 30
19 11 1 30
14 6 1 30
9 28 1 30
5 9 1 30
23 5 1 30
4 14 100 30
23 12 1 30
22 5 1 30
18 5 1 30
7 14 1 30
18 4 100 30
10 29 1 30
12 2 1 30
5 15 1 30
7 20 1 30
10 21 1 30
20 6 1 30
30 4 100 30
10 9 1 30
4 12 100 30
26 30 100 30
5 28 1 30
12 25 1 30
13 9 1 30
12 27 1 30
6 8 1 30
2 4 100 30
20 17 1 30
21 2 1 30
24 27 1 30
19 26 100 30
1 8 1 30
18 24 1 30
26 13 100 30
4 28 100 30
25 20 1 30
4 21 100 30
5 19 1 30
27 10 1 30
5 2 1 30
27 7 1 30
23 1 1 30
3 6 1 30
25 10 1 30
22 28 1 30
8 2 1 30
6 27 1 30
8 16 1 30
26 16 100 30
10 11 1 30
22 24 1 30
24 19 1 30
12 11 1 30
26 18 100 30
17 13 1 30
8 4 100 30
16 19 1 30
21 22 1 30
18 30 1 30
21 5 1 30
14 8 1 30
6 2 1 30
5 6 1 30
20 11 1 30
15 19 1 30
4 25 100 30
9 26 100 30
11 4 100 30
7 22 1 30
8 15 1 30
24 13 1 30
6 26 100 30
5 17 1 30
27 19 1 30
21 6 1 30
2 25 1 30
14 1 1 30
8 11 1 30
5 11 1 30
25 6 1 30
29 27 1 30
29 19 1 30
17 3 1 30
16 22 1 30
14 30 1 30
26 23 100 30
18 25 1 30
21 12 1 30
29 30 1 30
17 9 1 30
29 28 1 30
20 30 1 30
27 22 1 30
16 27 1 30
14 11 1 30
10 17 1 30
18 16 1 30
17 19 1 30
17 26 100 30
12 1 1 30
19 8 1 30
30 25 1 30
7 24 1 30
17 14 1 30
17 22 1 30
19 28 1 30
14 3 1 30
25 17 1 30
28 2 1 30
21 9 1 30
26 1 100 30
4 15 100 30
9 11 1 30
23 20 1 30
15 9 1 30
26 28 100 30
14 23 1 30
14 26 100 30
4 29 100 30
15 24 1 30
20 24 1 30
11 3 1 30
16 15 1 30
2 10 1 30
26 25 100 30
8 28 1 30
9 23 1 30
7 29 1 30
25 23 1 30
4 10 100 30
4 27 100 30
3 23 1 30
16 17 1 30
7 12 1 30
6 23 1 30
15 17 1 30
15 26 100 30
30 12 1 30
29 6 1 30
30 16 1 30
3 13 1 30
21 8 1 30
18 17 1 30
27 20 1 30
2 20 1 30
3 16 1 30
9 6 1 30
16 2 1 30
28 17 1 30
16 4 100 30
30 5 1 30
15 23 1 30
12 15 1 30
17 1 1 30
21 14 1 30
10 24 1 30
29 23 1 30
6 13 1 30
28 15 1 30
22 13 1 30
7 9 1 30
13 18 1 30
21 13 1 30
3 9 1 30
26 8 100 30
20 9 1 30
25 8 1 30
11 16 1 30
27 26 100 30
24 26 100 30
17 6 1 30
16 13 1 30
12 3 1 30
5 13 1 30
14 2 1 30
16 7 1 30
3 25 1 30
30 2 1 30
3 28 1 30
16 21 1 30
21 23 1 30
25 9 1 30
29 13 1 30
29 8 1 30
10 16 1 30
23 27 1 30
14 16 1 30
28 10 1 30
30 7 1 30
2 23 1 30
17 12 1 30
9 8 1 30
5 29 1 30
5 7 1 30
18 29 1 30
13 2 1 30
14 24 1 30
12 13 1 30
6 19 1 30
2 19 1 30
7 8 1 30
27 13 1 30
4 20 100 30
15 6 1 30
11 27 1 30
15 30 1 30
29 1 1 30
4 22 100 30
1 11 1 30
25 1 1 30
10 5 1 30
7 10 1 30
27 21 1 30
16 24 1 30
18 9 1 30
1 20 1 30
17 24 1 30
28 16 1 30
21 26 100 30
20 12 1 30
19 9 1 30
11 18 1 30
27 2 1 30
22 2 1 30
29 21 1 30
15 1 1 30
14 10 1 30
23 24 1 30
22 15 1 30
27 9 1 30
18 7 1 30
29 20 1 30
1 21 1 30
25 13 1 30
10 19 1 30
26 12 100 30
21 28 1 30
18 23 1 30
4 23 100 30
2 7 1 30
18 27 1 30
30 9 1 30
24 5 1 30
10 13 1 30
11 24 1 30
9 4 100 30
28 20 1 30
12 16 1 30
20 26 100 30
24 4 100 30
19 3 1 30
24 28 1 30
22 20 1 30
2 26 100 30
13 1 1 30
10 20 1 30
11 29 1 30
10 23 1 30
22 10 1 30
18 10 1 30
30 1 1 30
28 14 1 30
26 3 100 30
18 1 1 30
1 3 1 30
19 4 100 30
12 22 1 30
26 7 100 30
30 3 1 30
11 28 1 30
8 12 1 30
6 22 1 30
9 24 1 30
11 22 1 30
22 1 1 30
2 17 1 30
17 11 1 30
22 23 1 30
1 10 1 30
5 14 1 30
16 20 1 30
20 3 1 30
17 4 100 30
19 13 1 30
18 20 1 30
28 23 1 30
11 23 1 30
13 28 1 30
30 27 1 30
28 1 1 30
29 2 1 30
4 3 100 30
8 20 1 30
8 27 1 30
21 24 1 30
22 19 1 30
8 18 1 30
10 8 1 30
25 19 1 30
23 16 1 30
21 7 1 30
18 2 1 30
5 12 1 30
23 30 1 30
20 14 1 30
29 3 1 30
11 7 1 30
3 2 1 30
30 28 1 30
30 8 1 30
16 5 1 30
7 6 1 30
25 16 1 30
24 1 1 30
15 3 1 30
13 30 1 30
3 10 1 30
1 9 1 30
8 24 1 30
18 19 1 30
1 2 1 30
2 11 1 30
10 6 1 30
19 7 1 30
25 11 1 30
4 13 100 30
14 29 1 30
3 27 1 30
27 28 1 30
9 29 1 30
30 104
7 29
4 20 2 1
28 22 2 1
13 9 8 1
22 3 5 1
16 10 5 1
10 17 9 1
21 25 3 1
10 23 5 1
2 3 7 1
23 22 7 1
27 26 3 1
9 18 3 1
14 30 1 1
21 28 10 1
13 22 6 1
30 15 4 1
11 4 6 1
26 7 4 1
21 16 9 1
17 21 7 1
15 23 3 1
28 27 6 1
14 3 7 1
29 18 3 1
17 15 10 1
15 3 1 1
2 4 5 1
5 8 6 1
19 21 5 1
25 7 3 1
1 29 7 1
14 23 3 1
19 7 2 1
15 16 6 1
22 4 6 1
16 22 4 1
10 28 3 1
30 22 8 1
11 24 8 1
18 6 5 1
14 12 10 1
9 30 4 1
12 9 4 1
30 10 6 1
14 1 7 1
5 9 2 1
12 29 1 1
17 22 8 1
17 2 7 1
27 4 4 1
19 11 6 1
11 25 4 1
24 7 1 1
26 11 2 1
29 5 5 1
27 25 5 1
26 20 4 1
4 15 8 1
6 3 9 1
30 2 10 1
25 20 6 1
13 14 5 1
8 3 8 1
17 11 5 1
24 20 10 1
8 18 7 1
1 9 1 1
8 1 5 1
11 16 7 1
14 5 8 1
23 2 9 1
13 10 4 1
28 2 1 1
8 23 4 1
19 20 8 1
21 24 7 1
11 28 8 1
3 9 10 1
10 3 3 1
27 16 5 1
6 1 3 1
17 20 1 1
14 18 9 1
15 28 4 1
21 4 8 1
16 2 3 1
30 8 2 1
20 28 4 1
13 15 2 1
8 12 8 1
24 27 9 1
2 13 8 1
6 13 7 1
10 4 7 1
6 5 4 1
19 27 7 1
12 6 6 1
6 23 5 1
13 8 6 1
21 26 1 1
17 27 3 1
20 16 3 1
6 30 3 1
9 23 6 1
0 0
