22 28
14 10
13 1 7 10
21 13 10 29
10 22 35 23
2 14 31 17
15 17 26 21
5 12 36 6
16 20 40 14
7 19 27 1
11 6 30 12
16 3 60 5
21 2 49 12
3 11 88 12
18 19 32 8
5 15 30 9
21 9 22 20
10 3 96 21
9 1 77 28
19 14 47 5
16 4 50 20
4 7 56 24
2 12 54 19
1 22 17 4
20 7 83 11
17 12 81 9
11 8 41 2
6 18 24 25
18 8 30 3
22 15 36 4
30 435
5 12
17 27 88 25
19 7 53 30
28 9 24 16
29 2 28 5
15 30 71 11
11 8 40 27
19 8 25 18
23 7 72 14
22 23 43 6
1 13 11 5
26 14 67 28
27 11 50 3
22 2 81 23
1 7 33 5
13 21 15 7
12 8 72 29
22 15 80 13
4 1 65 26
10 8 49 10
12 29 21 11
5 12 7 25
8 17 33 3
24 8 2 8
17 7 90 27
4 18 5 16
2 10 41 29
3 1 76 15
7 13 7 11
27 5 30 13
5 26 88 13
8 15 4 1
21 28 90 30
28 7 93 1
22 7 26 15
7 30 91 8
30 20 85 5
17 14 77 25
29 11 50 11
6 5 5 15
3 24 83 15
17 21 55 12
6 21 93 17
11 28 99 18
30 26 7 15
4 25 10 28
10 25 2 16
4 29 37 13
15 6 86 30
4 10 60 23
2 6 30 12
3 12 62 9
16 25 43 12
30 21 10 9
9 16 5 14
21 19 60 20
7 25 64 19
25 12 91 18
2 18 5 8
27 6 66 23
26 11 27 17
14 30 53 12
6 25 98 20
4 16 91 11
27 10 77 16
14 28 87 10
9 24 80 5
9 27 47 5
8 3 18 15
13 26 24 1
15 11 85 4
11 21 42 18
27 18 76 9
15 14 51 28
2 14 19 18
12 6 12 9
28 10 57 12
16 3 14 21
21 4 54 20
30 8 79 27
19 16 57 11
13 2 93 14
29 8 44 27
29 13 11 3
12 9 62 14
1 17 1 27
6 30 99 11
27 26 77 1
2 11 70 20
27 2 26 2
7 14 34 30
16 23 5 4
15 17 16 30
26 2 25 5
30 2 49 9
27 21 69 16
5 3 46 3
1 30 48 25
29 30 94 16
22 3 7 6
15 18 26 30
14 23 42 11
8 25 43 8
7 11 30 30
10 29 23 1
14 29 26 13
4 20 67 8
18 28 62 23
21 8 28 3
4 2 58 28
13 27 15 17
2 17 26 17
5 30 50 5
17 24 50 30
30 16 76 20
27 8 47 20
5 10 94 3
28 26 28 28
11 25 55 29
23 1 98 22
27 19 71 4
25 13 95 29
5 14 67 21
1 5 91 7
22 17 36 21
26 8 41 14
15 7 61 24
7 26 25 23
11 20 28 22
23 13 43 3
29 28 83 15
26 4 81 19
11 23 83 3
20 23 97 20
16 24 67 15
27 24 76 28
16 11 38 16
7 2 7 4
10 14 59 22
1 11 41 23
28 13 35 29
15 28 48 12
15 2 47 14
14 22 96 21
18 11 45 7
11 12 58 4
5 13 79 3
9 29 1 5
19 6 69 1
10 26 58 26
25 3 24 23
5 22 12 19
27 22 50 20
9 8 84 8
25 19 53 1
5 19 63 12
9 18 73 23
20 21 17 16
16 22 46 6
30 11 71 7
16 8 85 22
20 18 64 9
7 9 54 12
4 13 49 22
9 25 1 9
6 23 54 19
28 12 80 28
1 24 85 17
25 22 44 9
20 26 39 21
22 6 61 25
10 24 56 7
14 11 12 27
12 17 84 27
22 30 62 19
9 21 79 25
2 16 57 10
8 20 94 5
26 17 13 25
10 1 49 19
3 4 27 19
24 28 26 29
17 13 39 9
16 5 65 17
28 17 20 26
24 19 88 6
28 1 100 29
9 3 95 27
8 2 34 17
28 27 1 6
17 10 58 8
19 20 3 13
6 1 9 13
18 12 70 10
19 9 41 25
7 10 23 13
22 28 32 7
29 19 61 18
9 20 11 11
12 13 59 13
23 18 97 26
14 8 41 16
26 3 13 4
29 6 94 11
16 1 64 19
25 2 66 8
26 15 9 21
6 4 78 13
7 3 44 21
5 20 97 13
26 9 60 22
9 17 79 10
27 7 42 18
7 6 73 13
12 2 36 1
12 16 75 17
3 19 29 15
28 19 70 23
3 28 99 25
22 13 35 7
23 4 71 3
4 17 43 5
30 24 8 12
22 8 98 26
11 5 22 16
26 12 45 9
27 14 63 30
3 15 59 5
16 21 77 7
6 28 12 7
27 23 90 13
6 26 41 22
23 29 95 26
25 5 4 12
15 25 5 20
20 13 72 2
9 2 97 28
2 19 20 26
26 23 66 9
30 17 60 4
22 18 1 5
21 22 8 15
25 28 7 28
9 10 30 11
19 26 47 16
11 22 75 15
24 15 67 21
24 4 44 22
4 11 15 8
21 26 67 3
14 3 95 3
20 27 98 18
10 20 7 6
12 23 90 5
28 2 55 1
4 30 5 13
3 23 17 11
28 20 52 14
17 29 53 24
25 21 97 23
9 14 12 9
23 28 26 12
28 16 86 22
3 17 43 1
4 19 97 6
13 18 68 16
21 14 18 29
19 13 52 15
20 7 33 22
15 29 5 18
1 12 2 16
17 25 61 5
1 18 1 19
18 8 20 28
29 24 50 28
15 19 39 15
8 4 72 4
2 1 87 21
14 1 61 8
23 17 23 5
17 11 53 15
18 24 18 6
21 2 63 22
1 22 4 30
16 7 84 29
7 21 99 25
15 23 37 20
14 19 37 2
10 12 31 10
4 14 32 1
27 1 76 25
20 15 91 12
18 21 83 4
21 15 52 27
29 16 5 11
4 7 22 20
7 29 100 23
30 18 39 22
28 5 5 21
10 23 100 24
10 16 61 25
1 9 60 2
4 9 41 11
13 15 47 3
24 23 86 17
27 29 59 19
24 2 75 11
12 7 78 8
14 18 6 4
12 21 56 4
27 16 53 12
25 1 94 28
15 1 95 30
29 5 37 1
26 18 21 27
24 12 74 24
6 8 33 3
21 5 60 2
18 29 7 15
18 17 32 16
10 30 66 6
17 19 74 2
14 12 7 27
25 27 10 20
8 1 11 30
11 10 100 11
11 3 7 20
24 25 8 18
5 4 77 7
16 17 51 11
25 18 47 16
5 15 57 19
10 15 34 8
9 11 98 15
12 4 60 23
1 20 31 17
17 5 5 20
30 9 47 13
29 1 92 14
15 27 80 14
23 9 70 6
24 6 27 11
7 24 63 30
6 10 27 25
15 9 53 19
3 18 32 29
19 30 72 21
14 25 37 13
24 20 81 29
18 19 40 6
27 4 45 5
3 10 41 21
18 10 24 10
20 16 72 22
30 28 45 1
25 23 72 12
2 23 33 28
30 25 74 25
21 1 56 18
2 3 98 26
6 9 79 13
11 6 63 19
30 23 3 28
20 17 56 30
22 20 6 16
13 30 96 4
20 6 83 13
13 3 41 26
12 30 85 7
22 24 41 21
9 5 88 3
22 4 29 22
5 23 35 5
3 29 46 9
8 7 66 18
3 27 13 29
1 26 72 3
8 5 34 28
24 21 86 19
3 21 89 24
15 16 28 21
29 25 65 15
19 22 67 20
26 25 51 11
5 18 26 23
24 5 95 23
4 15 55 23
13 11 77 9
5 7 36 1
26 16 93 3
13 8 97 6
19 1 52 27
20 14 36 21
20 12 37 17
18 6 55 7
14 6 58 5
6 3 16 23
28 8 88 25
21 10 33 24
12 19 23 24
6 17 55 18
12 22 93 5
13 10 19 7
28 4 51 7
27 12 29 6
10 22 73 28
3 20 58 20
19 23 41 12
6 13 53 3
13 14 11 27
29 26 56 13
22 29 85 7
24 14 49 6
13 9 33 8
20 2 58 12
5 2 8 14
10 19 83 20
22 9 5 4
7 18 27 22
19 11 66 26
18 16 92 9
26 22 62 20
13 16 69 3
29 21 90 17
14 16 4 27
26 24 87 21
30 3 85 1
6 16 29 15
27 30 24 14
21 23 28 27
23 8 96 23
15 12 6 13
13 24 57 24
20 25 25 28
24 11 85 3
20 29 71 3
25 300
24 9
15 7 9 30
17 15 5 30
5 21 6 30
25 24 21 30
1 7 10 30
11 25 2 30
6 13 10 30
4 8 13 30
2 8 7 30
14 1 12 30
17 23 15 30
13 24 19 30
1 18 2 30
15 2 2 30
17 7 4 30
14 8 16 30
4 16 14 30
21 15 7 30
25 6 12 30
18 14 14 30
10 2 4 30
5 12 5 30
8 9 7 30
22 14 19 30
14 25 20 30
3 16 2 30
16 5 7 30
12 11 17 30
7 12 3 30
19 22 12 30
14 17 6 30
2 14 9 30
23 18 7 30
14 20 1 30
22 23 2 30
1 3 3 30
13 12 13 30
9 17 17 30
6 19 1 30
8 22 3 30
16 13 1 30
10 13 5 30
18 13 4 30
20 10 12 30
3 5 5 30
11 18 8 30
5 11 12 30
24 10 14 30
4 12 2 30
17 19 1 30
5 4 7 30
14 24 1 30
24 21 5 30
1 6 4 30
17 20 5 30
13 1 6 30
24 7 3 30
1 5 2 30
10 8 3 30
5 2 1 30
25 2 11 30
4 23 18 30
25 23 1 30
23 5 11 30
19 15 4 30
2 20 8 30
4 11 19 30
2 21 5 30
6 23 13 30
5 18 4 30
21 10 9 30
23 1 9 30
8 11 6 30
2 11 13 30
19 7 5 30
6 5 2 30
9 23 2 30
17 5 4 30
3 24 16 30
17 1 6 30
20 21 3 30
9 20 22 30
21 16 13 30
12 17 1 30
20 4 2 30
5 24 11 30
6 9 15 30
2 1 3 30
25 12 15 30
25 17 14 30
14 15 11 30
22 6 11 30
22 7 17 30
22 4 16 30
3 22 4 30
24 8 17 30
13 21 14 30
18 17 8 30
22 17 13 30
13 23 3 30
10 7 11 30
9 12 18 30
25 21 16 30
11 16 5 30
19 21 3 30
20 25 19 30
7 21 2 30
23 15 10 30
8 21 12 30
11 15 11 30
19 23 14 30
1 25 8 30
13 25 2 30
24 9 24 30
12 3 10 30
6 21 4 30
6 12 3 30
22 16 2 30
12 1 7 30
13 4 15 30
13 2 9 30
12 15 6 30
10 22 6 30
24 22 20 30
16 14 17 30
17 6 2 30
8 17 10 30
18 25 6 30
2 12 4 30
20 6 7 30
23 11 1 30
13 5 8 30
3 8 1 30
3 18 1 30
3 19 8 30
24 6 9 30
11 21 18 30
7 6 6 30
7 3 13 30
21 17 2 30
11 22 3 30
1 15 1 30
5 25 10 30
2 18 5 30
20 16 16 30
9 22 4 30
20 8 15 30
16 18 3 30
8 6 8 30
23 2 12 30
20 13 17 30
9 3 8 30
1 4 9 30
11 17 16 30
20 15 10 30
11 3 7 30
21 23 17 30
8 5 6 30
25 15 9 30
6 10 5 30
4 14 3 30
7 23 19 30
4 10 10 30
23 3 6 30
22 25 1 30
18 8 2 30
20 11 21 30
17 3 9 30
3 20 14 30
10 3 2 30
25 19 13 30
5 10 3 30
16 23 4 30
11 24 23 30
24 23 22 30
9 1 11 30
24 12 6 30
14 21 4 30
17 24 7 30
22 15 8 30
17 10 7 30
3 15 4 30
11 10 9 30
12 18 9 30
1 22 7 30
10 25 7 30
21 1 8 30
24 1 13 30
24 2 10 30
16 17 11 30
13 19 11 30
15 16 6 30
19 24 8 30
1 8 4 30
6 4 5 30
20 1 11 30
4 7 1 30
14 7 2 30
16 25 3 30
19 16 10 30
18 9 9 30
2 4 6 30
21 9 19 30
14 12 5 30
3 13 3 30
7 20 1 30
7 18 12 30
6 11 14 30
25 7 18 30
8 12 11 30
17 4 3 30
19 14 7 30
25 9 3 30
19 11 15 30
9 16 6 30
12 23 16 30
18 15 3 30
10 23 8 30
21 22 15 30
20 23 20 30
22 2 10 30
8 15 5 30
9 15 12 30
14 5 10 30
5 15 1 30
8 19 9 30
9 5 13 30
10 1 1 30
16 8 1 30
20 19 6 30
21 4 1 30
24 16 18 30
3 6 7 30
18 22 5 30
9 19 16 30
18 19 7 30
15 24 12 30
1 19 5 30
14 10 13 30
6 14 8 30
9 2 14 30
5 19 3 30
7 2 7 30
9 11 1 30
12 20 4 30
15 4 8 30
3 4 12 30
24 18 15 30
2 3 6 30
22 12 14 30
5 7 8 30
19 12 2 30
20 24 2 30
14 23 21 30
9 7 21 30
5 22 9 30
7 16 15 30
11 7 20 30
15 10 2 30
2 6 1 30
6 16 9 30
14 13 18 30
19 10 6 30
10 18 1 30
8 23 5 30
20 5 9 30
11 13 4 30
10 16 4 30
7 13 16 30
24 4 4 30
10 9 10 30
9 14 23 30
12 10 8 30
1 16 5 30
12 21 1 30
2 16 8 30
11 14 22 30
13 22 1 30
2 17 3 30
3 14 15 30
13 15 7 30
7 8 14 30
9 4 20 30
8 25 4 30
13 17 12 30
12 16 12 30
13 9 5 30
3 21 11 30
19 4 4 30
8 13 2 30
4 25 17 30
18 21 10 30
2 19 2 30
15 6 3 30
20 18 13 30
18 4 11 30
25 3 5 30
6 18 6 30
11 1 10 30
20 22 18 30
30 435
11 17
8 27 11 1
17 8 9 1
11 1 29 1
28 24 7 1
21 10 19 1
2 3 13 1
25 23 31 1
6 14 13 1
28 5 35 1
11 6 21 1
7 14 23 1
21 25 7 1
30 13 27 1
5 26 49 1
13 9 9 1
27 17 21 1
30 18 1 1
7 20 27 1
1 25 17 1
9 19 5 1
20 2 1 1
11 15 45 1
22 5 19 1
9 1 3 1
17 20 53 1
27 26 19 1
11 28 41 1
14 23 35 1
2 25 9 1
17 4 43 1
11 20 3 1
20 18 49 1
2 7 29 1
30 20 47 1
13 26 31 1
22 2 23 1
15 3 29 1
4 18 39 1
17 18 3 1
19 29 9 1
22 24 23 1
5 20 1 1
2 29 35 1
16 23 25 1
7 3 15 1
19 8 19 1
9 5 27 1
24 6 27 1
20 26 51 1
25 10 27 1
9 20 29 1
15 4 31 1
17 5 51 1
24 13 25 1
5 25 5 1
27 6 13 1
16 19 9 1
8 22 21 1
1 3 13 1
1 13 5 1
12 2 7 1
9 6 11 1
16 2 15 1
28 20 37 1
30 22 25 1
10 27 3 1
6 26 33 1
19 5 21 1
21 6 1 1
3 4 1 1
28 17 15 1
23 5 37 1
27 1 5 1
15 14 37 1
11 5 5 1
4 22 11 1
4 13 9 1
13 22 1 1
18 21 33 1
8 13 23 1
6 4 7 1
13 7 7 1
10 24 9 1
28 19 13 1
24 19 21 1
29 14 29 1
4 12 3 1
22 11 25 1
1 20 25 1
29 20 33 1
5 27 29 1
17 2 55 1
23 2 41 1
12 18 43 1
1 4 15 1
21 12 9 1
18 13 29 1
23 12 33 1
2 11 1 1
19 15 17 1
10 6 17 1
29 7 5 1
5 8 41 1
28 6 19 1
26 8 7 1
15 23 1 1
16 4 3 1
13 14 15 1
5 4 7 1
10 5 33 1
30 21 31 1
29 17 19 1
7 30 19 1
27 22 9 1
28 13 17 1
15 28 3 1
2 5 3 1
20 14 3 1
7 24 17 1
13 11 23 1
1 21 9 1
23 11 43 1
13 6 1 1
16 18 35 1
14 5 1 1
27 9 1 1
27 14 27 1
12 5 3 1
5 1 23 1
19 23 15 1
9 11 33 1
14 21 11 1
30 23 7 1
19 3 11 1
25 16 5 1
16 7 13 1
24 1 19 1
27 7 3 1
12 24 39 1
24 15 3 1
5 18 47 1
28 4 27 1
12 14 1 1
19 27 7 1
9 3 17 1
2 24 47 1
4 11 13 1
16 14 9 1
10 18 13 1
23 18 9 1
3 18 37 1
18 19 25 1
9 2 31 1
3 16 1 1
12 7 21 1
28 14 33 1
12 28 31 1
6 17 35 1
26 19 27 1
11 29 37 1
26 24 5 1
22 16 7 1
7 25 19 1
12 8 37 1
16 29 19 1
13 17 33 1
16 17 39 1
20 4 9 1
11 10 39 1
9 4 19 1
25 14 3 1
8 24 1 1
12 25 1 1
18 22 27 1
26 30 3 1
17 10 17 1
19 21 7 1
3 27 19 1
20 22 21 1
28 9 7 1
2 15 43 1
6 2 19 1
26 16 37 1
21 20 15 1
27 4 21 1
5 29 31 1
22 25 13 1
17 21 37 1
3 6 5 1
23 24 5 1
6 7 9 1
19 7 3 1
14 18 45 1
19 13 3 1
15 29 7 1
25 24 37 1
7 18 21 1
16 10 21 1
20 25 7 1
4 2 11 1
10 29 1 1
6 8 25 1
12 9 23 1
21 13 3 1
18 25 41 1
1 23 13 1
26 11 55 1
9 18 19 1
12 15 35 1
20 12 5 1
30 25 39 1
16 8 29 1
6 12 11 1
7 22 5 1
4 14 5 1
14 19 19 1
15 18 7 1
10 22 13 1
7 21 11 1
24 20 45 1
16 15 27 1
21 5 13 1
18 8 5 1
10 14 31 1
2 21 17 1
30 27 15 1
9 21 13 1
10 7 7 1
26 4 41 1
29 8 9 1
30 2 49 1
11 21 19 1
23 28 1 1
16 27 17 1
7 26 23 1
23 29 5 1
17 22 31 1
9 7 1 1
15 21 25 1
24 5 43 1
1 6 7 1
30 6 29 1
14 9 25 1
13 29 13 1
9 24 15 1
14 30 43 1
11 7 31 1
19 6 5 1
4 21 5 1
8 11 47 1
26 23 11 1
29 12 27 1
26 2 53 1
19 11 27 1
13 5 17 1
19 10 11 1
30 16 33 1
9 8 13 1
10 13 15 1
2 10 37 1
21 8 27 1
2 27 33 1
8 7 15 1
26 28 13 1
10 23 3 1
24 4 35 1
17 19 29 1
22 1 3 1
3 30 35 1
11 16 17 1
15 10 5 1
2 19 25 1
29 27 1 1
18 1 23 1
7 4 17 1
20 23 39 1
9 30 17 1
17 25 45 1
15 22 19 1
6 16 3 1
20 6 17 1
3 24 33 1
14 22 17 1
17 11 57 1
21 26 35 1
6 22 3 1
12 1 19 1
3 21 3 1
15 27 9 1
25 13 11 1
22 9 7 1
12 3 5 1
20 15 41 1
10 26 15 1
20 19 23 1
9 10 5 1
26 3 39 1
21 23 23 1
30 5 45 1
27 25 23 1
19 1 1 1
20 3 11 1
8 20 43 1
25 29 25 1
2 1 27 1
27 28 5 1
20 13 19 1
27 18 17 1
3 22 9 1
19 25 15 1
23 17 13 1
18 6 31 1
1 26 25 1
7 5 25 1
30 4 37 1
26 25 43 1
14 26 47 1
23 7 11 1
30 8 3 1
25 6 9 1
30 1 21 1
3 29 21 1
29 21 17 1
16 28 23 1
11 27 35 1
10 3 23 1
4 10 25 1
14 1 21 1
8 1 17 1
8 15 1 1
20 16 13 1
1 15 15 1
29 28 3 1
26 29 17 1
14 17 49 1
16 12 7 1
10 8 7 1
11 18 53 1
3 5 9 1
25 28 29 1
30 17 5 1
17 9 23 1
17 15 11 1
25 9 21 1
16 1 11 1
25 8 35 1
15 6 23 1
28 18 11 1
29 9 3 1
17 26 1 1
18 29 15 1
2 14 5 1
1 28 11 1
26 12 45 1
30 29 13 1
1 17 27 1
10 28 1 1
12 27 25 1
13 16 5 1
28 8 5 1
18 24 3 1
30 10 11 1
23 22 17 1
23 13 19 1
5 15 39 1
12 19 17 1
1 7 1 1
27 23 7 1
27 21 15 1
30 19 23 1
8 2 45 1
30 12 41 1
28 2 39 1
11 30 51 1
3 28 25 1
15 25 33 1
6 5 15 1
6 29 15 1
22 12 15 1
9 26 21 1
17 7 25 1
12 10 29 1
9 15 11 1
11 12 9 1
8 14 39 1
1 10 9 1
29 22 11 1
11 25 11 1
3 23 27 1
15 30 5 1
16 9 15 1
22 28 15 1
3 11 15 1
22 26 29 1
23 9 9 1
30 24 1 1
26 15 9 1
13 15 21 1
28 21 21 1
24 11 49 1
20 10 35 1
8 4 33 1
23 4 29 1
13 2 21 1
18 2 51 1
30 28 9 1
12 13 13 1
1 29 7 1
19 4 13 1
8 3 31 1
16 21 1 1
25 3 3 1
7 15 13 1
14 11 7 1
24 29 11 1
3 13 7 1
4 29 23 1
8 23 3 1
21 22 5 1
27 20 31 1
26 18 1 1
24 21 29 1
5 16 11 1
3 17 41 1
14 3 7 1
17 12 47 1
16 24 31 1
27 13 11 1
23 6 21 1
17 24 7 1
19 22 1 1
24 27 13 1
14 24 41 1
28 7 9 1
4 25 1 1
4 3
2 3
4 2 1 30
3 1 1 30
1 4 83 30
4 2
1 4
4 2 1 30
1 3 1 30
30 104
10 12
15 16 100 1
11 3 100 1
21 27 100 1
27 20 100 1
20 30 100 1
1 19 100 1
4 16 100 1
7 18 100 1
11 19 100 1
10 21 100 1
7 26 100 1
24 19 100 1
1 5 100 1
14 8 100 1
25 28 100 1
20 25 100 1
28 1 100 1
1 26 100 1
15 24 100 1
18 29 100 1
2 21 100 1
14 28 100 1
27 23 100 1
19 25 100 1
28 11 100 1
3 22 100 1
29 26 100 1
28 7 100 1
4 7 100 1
24 8 100 1
13 22 100 1
8 1 100 1
10 6 100 1
24 3 100 1
5 27 100 1
4 25 100 1
7 5 100 1
6 27 100 1
12 13 100 1
14 20 100 1
8 25 100 1
20 2 100 1
2 18 100 1
30 23 100 1
27 26 100 1
3 16 100 1
26 25 100 1
20 29 100 1
8 16 100 1
24 28 100 1
17 12 100 1
9 10 100 1
5 29 100 1
9 29 100 1
11 4 100 1
14 4 100 1
17 11 100 1
9 2 100 1
6 2 100 1
30 5 100 1
11 15 100 1
14 5 100 1
22 15 100 1
28 22 100 1
21 30 100 1
7 20 100 1
18 25 100 1
4 1 100 1
22 19 100 1
20 1 100 1
14 18 100 1
16 28 100 1
21 29 100 1
14 26 100 1
15 12 100 1
24 4 100 1
4 22 100 1
25 5 100 1
1 18 100 1
22 17 100 1
5 2 100 1
30 26 100 1
13 16 100 1
3 12 100 1
24 13 100 1
18 27 100 1
13 11 100 1
29 23 100 1
19 16 100 1
17 24 100 1
23 10 100 1
8 7 100 1
17 16 100 1
30 6 100 1
2 26 100 1
9 30 100 1
30 18 100 1
19 7 100 1
2 23 100 1
29 6 100 1
27 9 100 1
22 8 100 1
8 11 100 1
14 19 100 1
10 0
9 4
30 135
7 4
4 19 53 30
10 9 57 26
15 19 93 10
3 9 42 7
25 9 19 30
12 1 9 24
29 25 71 22
16 27 54 17
24 20 84 17
5 9 34 10
10 21 53 27
20 14 16 20
7 5 81 8
8 15 58 4
2 13 50 19
22 8 100 23
21 20 83 8
2 15 44 8
21 28 51 30
1 2 72 5
28 3 59 18
14 11 3 5
14 10 77 13
11 24 38 19
10 24 10 4
16 10 2 26
15 18 70 6
30 9 11 6
24 1 81 3
18 16 41 10
25 21 36 15
21 29 84 29
13 8 87 6
5 21 74 26
10 28 11 10
8 4 83 17
17 26 94 19
11 20 26 21
10 20 18 16
6 1 9 22
29 30 73 16
18 2 55 9
11 18 70 1
18 14 50 8
5 25 49 6
1 14 15 11
27 14 60 11
24 14 31 8
1 18 38 21
6 26 8 7
19 6 39 19
28 29 39 4
18 20 53 8
16 11 5 17
7 25 12 1
28 9 91 11
22 17 69 18
2 24 81 5
10 5 64 19
28 5 67 6
27 2 24 9
27 1 86 17
15 12 49 29
22 4 54 1
15 27 67 19
14 3 21 28
11 10 13 16
3 21 45 8
28 20 66 4
2 12 72 9
6 12 6 6
16 24 86 20
26 13 24 5
15 24 50 3
29 3 32 27
23 9 41 8
29 23 94 17
9 29 45 6
16 20 80 29
15 13 91 18
21 30 3 12
22 19 84 30
15 1 92 20
7 23 20 17
3 11 25 4
30 25 30 11
26 22 68 2
7 30 36 26
4 26 19 9
8 12 67 19
6 2 63 21
3 20 23 1
27 13 72 30
28 14 13 14
17 19 57 27
18 6 42 14
3 5 35 29
21 9 49 24
27 24 67 3
12 17 66 25
16 1 67 24
29 7 26 20
6 15 3 1
29 5 42 14
2 16 75 28
11 28 24 13
6 27 75 15
3 10 38 5
22 12 3 20
21 11 80 26
13 6 25 16
23 5 13 29
18 24 54 21
27 20 23 24
8 2 34 3
8 17 94 3
28 16 92 9
26 19 31 9
8 26 26 24
12 13 94 1
26 12 38 18
19 13 84 26
30 5 65 9
17 4 79 26
25 23 62 21
19 8 76 7
8 6 58 27
17 13 7 9
13 1 92 10
14 16 68 15
19 12 80 17
18 27 80 18
9 11 5 18
30 23 33 28
3 25 32 8
30 39
11 24
3 19 1 30
15 12 3 30
8 6 93 26
5 27 2 30
22 18 2 30
16 7 97 9
25 13 1 30
30 29 1 30
25 12 92 6
1 27 94 19
4 21 3 30
2 27 2 30
14 19 1 30
9 24 1 30
10 8 1 30
1 23 1 30
2 5 1 30
9 26 1 30
16 1 3 30
4 7 2 30
21 7 3 30
3 22 93 24
6 22 2 30
11 8 2 30
17 15 3 30
14 3 2 30
6 18 3 30
15 5 90 15
20 13 1 30
17 12 1 30
29 28 2 30
20 25 2 30
21 19 96 6
11 10 3 30
20 30 96 24
24 26 3 30
28 9 91 30
23 16 1 30
30 28 2 30
21 190
12 7
4 11 58 16
20 7 24 24
10 3 49 18
16 6 37 13
2 21 47 23
18 9 53 9
21 7 32 21
5 6 99 14
11 6 63 17
18 5 77 18
2 16 7 30
18 11 80 1
3 11 44 3
18 10 12 30
19 10 19 29
1 6 86 11
21 17 40 23
13 9 59 4
15 13 83 5
16 9 45 19
15 21 92 25
7 3 2 18
19 20 32 17
21 20 18 8
19 16 24 5
8 4 30 27
2 5 51 17
14 16 66 14
14 2 82 5
5 14 35 25
17 16 52 11
11 7 31 14
3 8 30 8
13 4 56 20
17 6 7 11
16 10 61 28
9 1 99 10
19 14 92 20
18 16 83 5
14 9 16 13
11 5 40 20
8 15 44 29
13 2 4 14
6 2 16 15
18 14 36 13
18 1 17 29
10 14 27 14
8 18 54 3
15 14 20 8
19 8 9 2
11 19 17 16
3 21 46 30
9 15 50 27
4 7 61 14
20 6 40 9
17 15 8 25
15 2 3 20
19 4 44 12
7 19 38 29
19 15 97 15
2 11 29 24
3 5 21 8
20 2 34 21
21 16 79 16
17 13 76 27
15 4 73 16
15 16 29 12
10 2 7 4
18 13 26 14
9 3 23 12
3 14 1 29
13 21 61 3
2 18 15 8
1 7 48 5
8 20 78 26
13 20 90 27
2 4 25 4
9 7 35 30
13 19 59 13
7 15 94 10
11 16 52 10
5 13 62 17
8 16 100 9
19 21 57 14
4 16 71 26
21 1 32 10
5 16 55 17
17 14 28 9
7 6 32 10
9 10 44 10
7 8 89 6
4 14 77 15
14 6 38 8
11 9 82 4
3 15 78 22
10 5 22 23
21 4 37 7
9 6 31 29
2 8 15 16
17 4 91 23
17 10 45 15
2 7 19 1
13 10 28 8
20 14 1 8
20 16 57 15
3 1 41 30
5 7 19 1
15 1 10 26
13 11 59 7
11 10 30 16
11 15 36 16
7 17 10 4
8 14 79 10
16 7 66 26
15 18 80 25
6 10 42 21
17 3 81 15
21 8 36 18
3 6 97 6
8 1 69 8
1 10 50 28
5 1 65 14
20 1 94 16
3 4 88 29
1 19 52 28
9 17 25 14
6 4 72 12
8 10 70 27
3 2 23 20
14 11 51 9
18 20 43 13
1 17 58 10
11 1 30 21
16 3 41 15
5 21 32 2
17 19 66 25
4 20 66 25
6 13 63 27
11 8 78 14
21 11 69 24
19 6 20 30
1 13 1 19
2 9 32 26
7 10 52 27
10 21 30 27
9 21 76 26
13 14 54 28
3 19 46 21
17 18 42 26
21 18 51 8
4 1 27 14
5 19 94 11
20 15 67 20
4 18 91 26
2 17 56 10
18 7 72 5
19 18 42 22
10 15 73 5
9 20 69 19
17 5 64 10
13 3 9 22
20 11 49 15
17 20 51 4
8 9 14 1
8 17 77 5
13 7 47 19
2 1 40 22
17 11 94 26
13 8 79 10
7 14 3 29
9 19 89 22
15 6 45 7
21 6 82 24
6 8 32 10
21 14 5 18
1 14 34 17
2 19 46 16
10 20 53 16
16 1 82 19
5 4 59 7
5 20 45 24
15 5 36 14
18 3 100 25
8 5 41 28
6 18 6 22
13 16 63 16
4 10 98 13
20 3 6 6
5 9 75 19
9 4 17 24
10 45
3 6
1 9 56 1
5 4 58 1
8 3 54 1
5 1 54 1
4 3 99 1
7 10 63 1
10 6 73 1
7 8 78 1
1 8 68 1
2 7 80 1
1 3 76 1
3 2 67 1
10 5 88 1
2 5 52 1
6 2 51 1
2 4 95 1
8 2 83 1
6 7 55 1
9 8 63 1
6 8 84 1
1 7 100 1
2 10 96 1
10 8 61 1
10 4 99 1
6 9 95 1
7 3 56 1
2 9 77 1
4 1 63 1
5 7 91 1
7 9 96 1
10 3 63 1
9 3 88 1
4 6 93 1
9 4 78 1
6 3 72 1
10 9 98 1
8 5 78 1
10 1 65 1
5 6 86 1
7 4 90 1
1 2 96 1
5 9 91 1
3 5 65 1
1 6 55 1
8 4 92 1
27 325
2 18
13 7 63 19
14 27 1 2
4 11 4 3
4 16 61 8
11 8 94 6
23 16 86 20
20 17 91 13
17 6 96 6
3 24 65 11
1 5 96 9
25 15 40 19
17 1 26 17
5 11 26 15
19 15 16 17
13 1 17 19
5 13 26 9
21 3 64 2
26 15 94 18
1 21 77 6
12 19 15 27
1 9 10 28
7 20 71 19
8 13 26 22
19 22 38 3
24 17 63 11
17 2 30 14
10 7 19 15
16 3 83 12
20 21 60 22
2 27 48 2
1 19 21 24
12 11 39 1
19 6 91 11
21 27 20 5
9 6 76 23
24 11 74 8
26 8 47 21
14 19 30 19
22 10 31 14
17 15 64 15
9 19 32 30
15 7 47 23
24 27 85 25
7 5 75 17
17 8 69 3
22 17 61 22
20 25 31 2
19 3 40 5
10 13 67 30
8 21 9 1
5 25 68 28
22 27 34 12
12 21 39 3
3 12 44 2
12 16 22 24
23 4 64 6
15 24 42 30
13 19 3 5
13 16 99 11
23 27 4 29
11 1 4 15
2 10 2 15
13 17 60 10
7 6 59 16
4 1 46 25
8 3 31 23
5 17 40 14
5 23 63 27
7 25 80 12
8 23 45 12
25 11 21 29
23 19 37 1
27 17 39 22
4 13 100 17
25 14 75 1
15 11 2 30
14 5 70 18
24 20 27 5
14 4 30 29
7 12 87 3
9 4 68 10
14 26 32 27
23 1 92 21
10 15 47 13
26 23 67 13
23 12 7 26
13 21 4 27
24 19 88 12
16 6 28 8
7 14 3 16
8 1 47 18
7 16 79 9
2 15 62 11
8 27 95 2
11 9 44 18
7 1 81 5
7 19 2 22
27 19 45 23
14 24 78 2
5 24 82 3
13 26 27 23
1 20 77 1
25 6 76 12
25 19 86 20
5 27 39 13
19 5 82 22
3 4 68 4
14 13 26 19
15 9 77 19
7 8 12 3
19 17 42 20
12 10 30 20
1 6 95 27
3 10 3 8
6 27 55 28
24 16 5 5
16 11 2 8
24 9 61 26
6 23 72 5
24 21 32 18
12 2 35 25
26 17 88 30
15 1 83 26
9 23 60 15
12 4 57 20
15 8 5 1
4 17 72 23
10 26 32 13
6 13 72 8
25 9 99 7
20 3 34 29
22 3 6 22
4 26 64 25
14 23 23 29
2 21 26 24
23 13 79 28
27 16 9 24
20 10 96 7
5 12 31 15
27 9 75 28
14 11 37 25
10 9 49 15
27 20 16 14
14 22 30 15
26 3 27 25
4 10 45 25
9 21 55 11
6 20 17 6
13 9 26 3
17 14 50 28
26 2 40 23
25 23 89 15
27 13 78 30
1 27 11 23
11 7 90 19
7 22 47 9
13 25 11 14
17 23 90 28
2 8 32 22
19 10 36 21
14 12 23 28
6 4 96 16
6 21 50 28
5 8 41 2
1 10 49 12
14 9 87 15
9 22 77 11
20 23 16 5
12 6 75 7
17 11 75 4
24 1 80 22
2 24 64 23
3 14 65 8
16 19 97 20
20 2 50 27
14 16 49 26
3 7 94 20
26 27 5 23
24 4 69 30
25 10 16 22
2 25 84 19
16 25 33 30
19 4 43 15
15 14 79 27
23 2 74 15
20 26 83 16
11 3 96 22
23 22 4 10
22 12 100 14
20 15 79 3
13 12 48 9
2 14 58 21
16 8 62 12
9 8 39 21
20 22 89 4
11 2 13 22
12 1 82 24
23 10 45 3
6 22 5 14
19 11 84 12
7 2 65 18
1 2 52 24
3 25 4 14
26 21 81 19
7 9 64 2
21 4 67 19
15 27 96 13
16 1 39 3
5 20 38 13
27 7 86 10
3 27 79 13
24 10 39 12
4 22 37 6
9 3 69 6
14 21 39 24
24 13 41 3
24 7 98 16
21 16 87 18
2 3 21 27
22 21 67 22
8 6 19 21
5 26 91 21
22 16 49 19
8 24 89 2
16 9 16 25
25 17 68 5
12 20 31 18
2 16 18 19
24 22 99 2
13 3 67 11
26 25 100 28
25 22 22 16
9 26 42 3
26 11 12 29
25 12 1 8
12 8 80 25
19 8 79 1
17 10 85 3
2 5 48 27
26 16 13 9
22 2 20 16
12 15 87 16
17 21 97 7
3 23 52 6
26 22 51 12
21 19 63 23
5 22 4 29
13 20 95 28
24 25 73 21
16 20 15 16
10 5 8 12
23 21 97 12
12 26 25 6
15 6 17 2
21 5 39 5
13 15 12 1
23 11 4 8
20 19 4 25
3 15 21 28
10 27 93 19
24 6 82 27
8 20 27 20
6 3 67 19
22 1 70 17
12 17 40 3
27 4 6 16
10 21 93 16
5 15 80 18
4 8 56 18
5 6 16 27
4 5 19 28
25 27 36 8
16 5 44 17
7 4 49 14
20 14 64 11
8 25 69 29
7 17 92 2
9 12 31 4
8 14 27 12
21 15 44 13
25 4 83 13
14 1 45 23
27 12 76 7
6 26 23 20
11 22 34 7
4 15 86 13
21 7 44 9
8 10 47 21
2 4 90 14
27 11 58 13
26 24 65 29
11 13 74 27
22 13 47 15
16 10 84 16
7 26 75 6
1 25 42 13
15 23 7 2
9 20 9 28
11 6 98 27
7 23 19 4
5 3 27 25
10 11 17 29
16 15 59 30
11 21 3 7
25 21 90 16
5 9 15 7
11 20 48 5
17 16 56 12
23 24 36 12
26 19 84 7
22 8 89 5
3 17 88 15
6 2 5 10
14 10 47 3
2 13 36 12
22 15 87 13
26 1 7 19
12 24 67 30
9 17 80 14
9 2 64 27
1 3 61 24
14 6 80 19
6 10 7 9
19 2 79 27
20 4 95 12
30 94
10 19
16 26 27 29
24 17 9 19
21 6 86 15
9 30 65 3
8 22 69 7
7 3 82 9
14 24 27 20
23 2 100 9
15 29 65 24
16 21 38 2
18 26 61 25
19 16 70 30
13 29 86 20
25 4 86 11
5 29 10 10
28 18 40 12
29 1 38 19
5 7 20 13
1 30 26 24
8 5 35 29
3 20 97 5
14 25 2 13
25 29 88 30
10 27 30 30
12 27 36 7
2 11 32 26
4 24 47 19
1 18 71 13
7 1 77 26
2 24 99 8
30 18 34 9
26 2 47 13
6 19 50 12
29 27 49 9
15 1 35 10
25 26 38 14
21 4 50 23
1 28 22 16
12 25 90 19
13 18 89 25
15 21 36 11
4 26 9 17
27 1 70 18
16 23 60 19
22 27 67 27
11 26 24 21
13 22 63 17
1 25 57 17
6 26 22 8
21 18 56 24
21 14 27 4
11 18 15 2
5 3 20 18
20 28 65 3
25 2 78 21
12 26 19 3
30 5 49 28
12 11 85 24
12 4 40 27
23 26 23 23
18 29 66 22
29 22 30 6
15 18 98 2
1 10 63 3
27 28 64 17
16 6 10 19
14 18 54 4
11 16 6 20
23 14 17 6
2 19 82 1
25 5 72 28
1 8 64 16
28 10 28 4
7 28 15 29
21 25 66 17
29 7 61 14
13 4 11 10
13 27 73 11
13 30 98 26
4 11 15 30
16 24 91 5
12 30 8 23
5 22 35 1
14 11 99 15
18 27 23 23
20 29 97 6
21 2 72 27
23 4 15 8
15 13 19 1
20 10 14 17
29 8 2 3
2 9 97 5
9 19 54 24
21 13 10 1
30 31
26 9
4 20 1 30
29 17 100 30
9 4 1 30
25 12 100 30
3 1 100 30
30 13 100 30
7 26 1 30
27 19 100 30
5 18 100 30
17 22 100 30
11 15 100 30
3 8 100 30
6 10 100 30
24 23 100 30
1 29 100 30
11 16 100 30
25 5 100 30
13 12 100 30
2 15 100 30
14 22 100 30
8 27 100 30
6 4 100 30
14 7 1 30
19 16 100 30
10 28 100 30
23 30 100 30
14 26 1 30
21 24 100 30
9 20 1 30
18 2 100 30
21 28 100 30
30 30
17 11
19 18 2 10
5 7 1 1
1 23 1 1
16 28 1 1
17 15 2 10
30 21 2 10
9 16 1 1
14 1 1 1
12 8 2 10
28 7 1 1
12 2 2 10
4 15 2 10
24 29 2 10
8 4 2 10
26 19 2 10
26 11 2 10
13 27 1 1
25 30 2 10
23 13 1 1
5 27 1 1
9 3 1 1
24 21 2 10
22 11 1 1
10 20 1 1
18 6 2 10
17 10 1 1
2 25 2 10
14 22 1 1
3 20 1 1
6 29 2 10
30 132
4 28
8 24 81 18
2 23 1 8
15 17 17 18
21 3 60 9
9 20 54 22
21 16 83 10
15 7 45 8
5 21 13 26
29 13 18 28
28 12 68 27
6 17 39 30
11 4 54 4
27 15 34 18
4 20 5 16
8 15 71 19
1 29 74 5
1 18 36 20
13 5 94 27
5 30 48 27
19 24 5 15
9 5 57 5
6 21 79 5
16 15 34 12
26 11 48 17
11 3 36 11
27 16 78 25
16 22 39 11
11 2 45 21
20 17 97 9
20 27 18 9
22 6 96 7
14 8 21 5
2 12 64 14
29 25 21 22
8 29 3 14
6 2 22 7
16 8 48 9
18 11 55 25
30 25 7 11
19 3 8 27
14 30 59 18
15 18 55 29
23 7 32 6
23 20 72 10
17 21 80 27
21 18 44 9
13 19 37 27
12 14 66 4
19 27 2 19
15 21 57 18
12 11 49 22
9 8 85 24
28 10 61 8
23 27 97 25
4 22 8 26
15 25 66 30
28 2 62 17
21 22 17 27
7 11 73 24
13 12 3 23
17 3 22 8
24 4 56 23
1 12 58 25
22 29 69 10
30 23 41 28
17 11 2 27
12 5 53 10
17 24 91 20
29 3 64 4
13 23 31 25
13 26 52 15
1 25 70 14
14 9 17 27
9 26 35 21
22 7 4 24
1 5 14 20
24 2 8 17
14 27 24 16
2 19 39 25
10 29 9 3
2 26 16 24
4 7 21 30
28 23 40 24
5 20 56 16
14 7 79 15
9 29 74 26
14 10 50 1
28 3 43 12
11 29 79 2
5 7 47 25
30 28 84 9
5 6 78 2
5 28 76 16
4 18 68 19
22 2 64 29
28 25 39 8
25 23 7 27
19 14 99 27
26 23 24 22
6 27 29 10
26 30 16 7
27 13 49 5
7 8 3 22
27 2 68 10
12 19 22 5
14 24 94 1
8 26 64 12
10 25 32 17
4 17 49 27
18 24 40 3
11 6 12 26
6 8 100 1
12 17 52 24
23 11 27 4
25 20 74 22
17 30 82 2
18 8 56 13
19 10 64 5
16 30 25 5
19 29 95 19
7 16 89 17
12 9 24 19
23 24 81 1
10 27 66 29
23 9 13 30
1 7 14 24
6 29 15 9
3 24 29 1
25 27 44 14
10 11 8 21
21 28 67 22
10 1 35 12
30 29
29 4
27 26 33 26
27 21 75 18
22 2 44 16
10 11 82 5
19 3 12 9
21 29 14 28
1 25 30 13
14 8 16 6
7 12 29 19
22 11 57 2
16 17 27 27
20 1 65 12
23 3 23 27
5 20 96 29
28 14 60 21
18 9 16 26
18 30 81 15
23 25 74 3
8 17 48 13
7 28 100 2
5 12 74 14
4 15 8 14
13 6 70 6
16 26 30 1
24 30 100 11
2 19 66 25
6 24 22 21
13 10 57 10
9 15 33 10
30 104
8 13
1 29 1 29
4 5 41 23
17 5 99 8
28 22 54 19
20 5 81 12
11 10 65 22
15 14 54 30
28 18 42 8
3 24 66 7
3 15 46 21
21 18 76 12
14 24 25 27
11 19 34 25
1 23 66 1
28 6 71 13
23 12 93 20
24 12 53 13
1 17 44 10
9 11 62 27
10 20 36 25
10 29 19 4
2 5 20 7
15 19 74 12
25 11 16 11
21 10 51 13
10 17 50 19
15 26 34 19
2 6 76 25
20 22 86 13
30 26 98 13
25 30 98 8
19 29 85 9
27 24 62 15
17 9 82 24
30 12 63 1
4 9 35 12
26 23 15 29
17 25 10 13
2 10 45 3
20 6 82 8
24 26 75 28
25 21 3 30
19 24 62 16
4 22 76 30
26 13 95 16
20 7 29 21
17 18 64 3
25 15 63 10
11 27 84 25
16 8 54 7
29 18 40 9
20 16 64 1
11 1 63 24
23 25 32 21
9 29 38 13
29 25 29 5
18 11 5 24
1 21 53 18
4 6 57 4
9 21 65 28
21 5 86 14
7 2 44 9
2 22 80 1
23 3 32 29
30 19 63 4
4 18 26 27
19 17 48 25
20 18 85 1
19 21 5 3
15 27 62 26
2 9 11 6
8 22 91 20
1 24 66 15
14 30 73 26
15 1 85 7
3 13 71 2
18 2 97 30
28 16 51 6
10 28 66 1
21 27 86 7
27 23 87 26
3 30 37 13
5 29 22 12
8 7 21 8
17 27 19 21
5 28 36 12
12 13 13 10
28 7 65 1
15 12 38 8
7 4 36 18
28 9 42 4
8 6 1 7
2 16 1 17
14 23 91 8
24 25 15 10
29 27 42 19
27 30 12 20
20 9 67 19
4 16 91 21
11 5 88 10
14 13 5 5
10 4 57 27
30 1 33 6
19 23 43 16
30 57
19 7
25 9 9 25
29 17 3 21
19 15 4 21
23 6 3 25
27 23 4 30
11 10 4 23
11 22 5 25
14 24 4 29
10 22 3 22
6 18 5 26
16 24 3 20
13 3 4 26
28 24 8 30
17 4 10 27
17 30 6 23
14 16 3 21
28 10 6 30
13 26 9 27
4 20 3 22
20 21 7 26
1 10 2 26
1 29 9 27
2 11 2 24
21 8 2 24
8 20 6 26
27 9 1 21
2 1 7 28
21 13 6 23
5 27 9 21
24 22 1 24
23 18 2 25
18 27 9 21
30 12 2 27
20 12 1 20
19 6 10 27
4 30 1 28
14 28 8 29
21 3 10 28
30 29 6 26
8 12 9 30
18 9 1 26
26 7 4 23
2 29 5 27
25 5 5 20
1 11 10 28
16 5 8 25
23 15 6 26
8 3 2 30
28 22 6 28
6 15 8 24
4 12 4 24
7 13 6 28
16 25 5 25
17 2 6 21
25 14 8 30
26 3 6 24
5 9 6 27
30 29
13 5
4 15 100 2
2 29 100 2
11 3 100 2
14 23 100 2
10 6 100 1
8 17 100 1
2 26 100 2
22 21 100 2
12 23 100 2
7 12 100 1
28 25 100 1
21 29 100 2
7 11 100 2
19 24 100 1
8 13 100 2
16 22 100 1
16 30 100 1
5 18 100 2
27 10 100 1
15 20 100 1
27 30 100 1
18 19 100 1
26 25 100 2
9 4 100 2
14 24 100 1
28 1 100 2
6 9 100 1
20 3 100 1
17 1 100 1
30 29
6 30
14 8 100 30
26 27 100 30
15 9 100 30
8 22 100 30
24 4 100 30
19 14 100 30
29 5 100 30
5 13 100 30
2 23 100 30
25 23 100 30
17 1 100 30
10 28 100 30
16 22 100 30
1 2 100 30
20 3 100 30
4 9 100 30
20 7 100 30
10 30 100 30
27 28 100 30
12 19 100 30
16 21 100 30
15 25 100 30
7 21 100 30
26 11 100 30
11 3 100 30
24 18 100 30
29 6 100 30
17 12 100 30
18 13 100 30
30 434
8 22
2 17 1 30
14 17 1 30
4 23 1 30
20 19 1 30
20 27 1 30
21 10 1 30
26 19 1 30
6 14 1 30
8 4 100 30
19 7 1 30
21 8 100 30
20 21 1 30
24 21 1 30
29 5 1 30
10 19 1 30
13 21 1 30
4 30 1 30
29 10 1 30
9 18 1 30
30 15 1 30
26 3 1 30
11 29 1 30
8 20 100 30
17 13 1 30
21 15 1 30
3 16 1 30
18 21 1 30
15 16 1 30
13 5 1 30
28 20 1 30
24 9 1 30
25 16 1 30
4 12 1 30
16 30 1 30
10 9 1 30
5 11 1 30
28 26 1 30
30 8 100 30
24 12 1 30
7 14 1 30
2 13 1 30
5 19 1 30
20 4 1 30
30 6 1 30
2 6 1 30
12 19 1 30
30 9 1 30
7 22 100 30
20 3 1 30
1 10 1 30
4 19 1 30
23 7 1 30
28 21 1 30
7 24 1 30
3 4 1 30
12 18 1 30
21 16 1 30
29 28 1 30
23 10 1 30
19 8 100 30
25 26 1 30
17 6 1 30
19 15 1 30
21 12 1 30
24 6 1 30
23 21 1 30
25 12 1 30
12 22 100 30
30 5 1 30
15 6 1 30
9 25 1 30
7 21 1 30
19 13 1 30
6 10 1 30
27 3 1 30
23 5 1 30
29 3 1 30
13 23 1 30
21 4 1 30
13 6 1 30
14 1 1 30
27 29 1 30
6 7 1 30
8 13 100 30
1 18 1 30
10 5 1 30
4 14 1 30
22 19 100 30
2 21 1 30
2 10 1 30
1 26 1 30
5 18 1 30
28 7 1 30
15 17 1 30
4 5 1 30
29 7 1 30
4 22 100 30
25 10 1 30
25 5 1 30
1 8 100 30
26 11 1 30
11 16 1 30
16 29 1 30
29 30 1 30
8 25 100 30
6 25 1 30
9 22 100 30
13 26 1 30
18 23 1 30
1 13 1 30
9 26 1 30
13 27 1 30
14 19 1 30
19 28 1 30
21 25 1 30
11 25 1 30
15 10 1 30
7 27 1 30
20 13 1 30
14 11 1 30
11 27 1 30
22 2 100 30
5 28 1 30
24 13 1 30
22 11 100 30
11 20 1 30
25 29 1 30
30 19 1 30
20 10 1 30
16 5 1 30
3 11 1 30
19 29 1 30
10 26 1 30
15 27 1 30
17 29 1 30
23 11 1 30
1 4 1 30
30 21 1 30
2 20 1 30
27 6 1 30
16 28 1 30
11 17 1 30
28 1 1 30
13 18 1 30
21 27 1 30
18 30 1 30
7 1 1 30
24 1 1 30
1 19 1 30
12 2 1 30
22 18 100 30
11 28 1 30
7 16 1 30
13 7 1 30
12 28 1 30
29 18 1 30
19 11 1 30
8 9 100 30
24 8 100 30
25 2 1 30
9 4 1 30
17 27 1 30
3 12 1 30
4 27 1 30
11 2 1 30
14 9 1 30
27 2 1 30
15 11 1 30
23 27 1 30
1 2 1 30
14 20 1 30
12 15 1 30
14 15 1 30
22 21 100 30
27 5 1 30
1 21 1 30
20 9 1 30
8 26 100 30
9 2 1 30
20 6 1 30
16 20 1 30
16 8 100 30
27 24 1 30
30 28 1 30
26 30 1 30
21 6 1 30
6 5 1 30
8 5 100 30
2 16 1 30
30 14 1 30
7 8 100 30
7 4 1 30
13 16 1 30
19 18 1 30
10 28 1 30
15 3 1 30
2 30 1 30
17 30 1 30
12 23 1 30
9 6 1 30
4 25 1 30
28 18 1 30
28 4 1 30
24 29 1 30
8 17 100 30
1 9 1 30
29 20 1 30
10 3 1 30
21 14 1 30
26 18 1 30
11 4 1 30
24 22 100 30
15 5 1 30
13 9 1 30
23 2 1 30
24 19 1 30
1 17 1 30
3 24 1 30
10 8 100 30
3 5 1 30
10 24 1 30
12 5 1 30
2 3 1 30
22 20 100 30
28 23 1 30
23 15 1 30
22 25 100 30
23 30 1 30
8 2 100 30
13 10 1 30
30 11 1 30
15 29 1 30
29 9 1 30
11 6 1 30
21 29 1 30
26 29 1 30
28 15 1 30
20 24 1 30
30 13 1 30
10 30 1 30
12 17 1 30
14 29 1 30
30 7 1 30
22 30 100 30
26 24 1 30
1 5 1 30
20 1 1 30
14 23 1 30
20 23 1 30
9 19 1 30
12 14 1 30
24 2 1 30
20 25 1 30
7 26 1 30
24 17 1 30
17 22 100 30
28 24 1 30
22 26 100 30
12 8 100 30
30 27 1 30
23 29 1 30
19 25 1 30
23 19 1 30
17 5 1 30
29 6 1 30
26 14 1 30
1 15 1 30
24 5 1 30
21 11 1 30
7 12 1 30
11 10 1 30
15 26 1 30
6 8 100 30
4 18 1 30
25 1 1 30
20 15 1 30
19 6 1 30
22 27 100 30
20 26 1 30
20 7 1 30
27 1 1 30
22 10 100 30
27 10 1 30
13 3 1 30
26 17 1 30
20 30 1 30
6 26 1 30
28 3 1 30
18 2 1 30
22 29 100 30
7 15 1 30
16 12 1 30
14 16 1 30
8 23 100 30
29 1 1 30
24 15 1 30
9 28 1 30
9 16 1 30
23 26 1 30
28 17 1 30
3 7 1 30
30 25 1 30
22 3 100 30
15 4 1 30
21 26 1 30
22 5 100 30
3 9 1 30
12 6 1 30
19 3 1 30
23 9 1 30
2 26 1 30
30 3 1 30
2 7 1 30
1 23 1 30
11 13 1 30
13 14 1 30
14 3 1 30
3 25 1 30
24 23 1 30
1 16 1 30
2 5 1 30
6 4 1 30
14 18 1 30
15 9 1 30
27 28 1 30
4 17 1 30
27 19 1 30
17 25 1 30
27 8 100 30
16 27 1 30
1 3 1 30
11 24 1 30
16 26 1 30
9 7 1 30
14 5 1 30
3 21 1 30
13 22 100 30
21 19 1 30
27 14 1 30
3 6 1 30
22 1 100 30
25 13 1 30
20 12 1 30
21 17 1 30
24 14 1 30
6 28 1 30
27 25 1 30
26 27 1 30
10 16 1 30
12 9 1 30
25 14 1 30
5 20 1 30
1 30 1 30
12 13 1 30
12 1 1 30
17 20 1 30
7 17 1 30
24 25 1 30
4 16 1 30
10 7 1 30
28 25 1 30
13 29 1 30
22 15 100 30
28 13 1 30
2 14 1 30
2 28 1 30
24 18 1 30
23 17 1 30
8 11 100 30
7 11 1 30
10 17 1 30
3 8 100 30
6 16 1 30
4 26 1 30
22 6 100 30
17 9 1 30
16 22 100 30
15 8 100 30
25 15 1 30
12 29 1 30
11 9 1 30
4 13 1 30
9 27 1 30
5 26 1 30
23 25 1 30
14 28 1 30
17 3 1 30
18 20 1 30
12 30 1 30
18 8 100 30
16 19 1 30
6 23 1 30
23 22 100 30
24 16 1 30
5 7 1 30
4 29 1 30
18 10 1 30
26 12 1 30
2 15 1 30
18 27 1 30
11 1 1 30
29 8 100 30
2 19 1 30
14 22 100 30
18 6 1 30
21 9 1 30
11 18 1 30
8 14 100 30
2 29 1 30
18 15 1 30
17 16 1 30
10 4 1 30
18 16 1 30
8 28 100 30
9 5 1 30
23 3 1 30
17 18 1 30
1 6 1 30
15 13 1 30
3 18 1 30
23 16 1 30
19 17 1 30
5 21 1 30
25 18 1 30
28 22 100 30
30 24 1 30
10 12 1 30
12 27 1 30
24 4 1 30
2 4 1 30
18 7 1 30
7 25 1 30
14 10 1 30
11 12 1 30
30 57
18 5
23 4 78 4
24 9 67 28
1 15 18 19
7 15 49 7
17 29 62 25
19 5 92 13
28 10 81 16
23 29 36 12
22 18 14 8
9 4 100 17
11 9 86 26
18 4 55 11
23 9 94 4
1 25 27 25
17 1 16 26
21 22 52 15
8 24 79 11
30 13 26 10
2 30 15 26
30 17 82 24
11 6 63 14
28 5 2 15
4 26 1 17
22 17 27 10
21 10 75 16
13 22 12 22
25 4 100 25
26 22 2 25
16 23 31 3
8 14 85 20
30 22 64 16
27 22 40 17
25 3 72 26
16 3 60 20
10 12 27 11
4 10 4 12
25 21 68 30
2 15 23 6
10 25 11 29
24 21 87 18
17 13 16 25
18 19 13 9
4 14 22 1
29 7 43 13
2 11 27 17
6 21 76 7
10 15 3 7
5 18 96 23
12 2 69 10
16 22 81 11
21 13 89 22
22 1 54 6
3 8 45 24
6 19 2 13
15 6 8 7
20 27 89 14
24 29 11 8
30 104
27 8
16 11 3 1
8 1 7 1
30 12 5 1
12 5 3 1
16 26 4 1
4 14 8 1
15 12 8 1
9 5 6 1
24 3 10 1
18 29 3 1
16 21 8 1
27 2 3 1
9 13 3 1
5 11 5 1
19 22 9 1
4 18 10 1
4 17 4 1
28 24 9 1
24 12 7 1
13 12 9 1
30 14 6 1
2 16 6 1
23 27 1 1
14 22 5 1
25 5 4 1
29 2 5 1
22 11 3 1
18 5 9 1
13 6 4 1
21 20 6 1
22 25 8 1
19 4 3 1
22 12 7 1
26 20 2 1
6 8 5 1
17 20 8 1
16 23 10 1
29 17 6 1
2 20 4 1
13 3 6 1
19 30 7 1
19 10 6 1
23 29 9 1
24 19 3 1
5 17 3 1
13 25 7 1
4 12 1 1
11 29 5 1
4 25 2 1
14 7 8 1
7 2 3 1
28 10 3 1
10 1 1 1
9 30 8 1
13 1 3 1
29 26 3 1
15 28 7 1
6 24 8 1
26 7 1 1
7 18 7 1
3 10 4 1
25 30 6 1
5 19 5 1
18 30 8 1
15 1 5 1
8 28 3 1
10 9 4 1
14 16 2 1
10 12 10 1
6 15 6 1
15 25 6 1
20 18 5 1
14 29 4 1
7 21 5 1
24 9 1 1
10 6 2 1
13 28 5 1
23 7 7 1
27 21 2 1
9 15 2 1
14 20 6 1
16 17 4 1
20 11 7 1
11 7 9 1
3 8 1 1
24 1 7 1
22 17 1 1
25 10 8 1
11 4 6 1
27 26 4 1
24 25 5 1
23 20 8 1
22 9 10 1
17 7 10 1
29 21 7 1
30 11 4 1
14 5 7 1
3 15 8 1
18 22 7 1
17 30 2 1
19 13 5 1
4 9 4 1
19 15 4 1
16 18 1 1
0 0
