100 100
91 12
95 132
106 65
90 44
113 31
127 25
75 106
99 131
32 109
88 99
119 7
124 87
103 8
133 12
99 68
48 33
3 106
126 36
50 49
17 115
14 1
102 131
9 43
36 60
13 87
49 94
137 74
33 110
131 30
14 23
6 127
119 66
100 85
25 36
57 69
130 3
100 10
107 93
15 38
112 109
109 104
16 94
129 104
2 98
85 128
115 136
56 32
134 78
70 71
72 64
121 7
74 19
117 117
72 3
2 88
92 0
125 76
27 32
131 114
80 37
105 59
93 134
40 96
104 23
78 114
59 107
48 96
25 125
39 137
18 101
43 4
135 69
132 90
97 60
97 49
110 99
129 43
51 117
77 111
132 113
138 77
32 116
16 6
55 10
83 123
55 1
38 13
123 52
86 107
107 67
118 52
122 9
85 46
128 37
46 35
75 11
9 70
33 90
29 61
26 101
7 58
22 127
31 53
29 133
126 108
37 45
47 27
139 118
69 139
20 137
82 85
89 65
35 72
139 122
77 58
76 122
58 46
12 41
134 124
65 27
65 8
59 11
0 111
60 47
133 126
11 129
63 138
136 47
60 86
26 126
20 2
10 128
10 24
19 66
73 124
105 17
74 91
82 26
88 95
22 39
103 123
11 4
35 15
57 139
68 33
52 130
135 53
127 113
21 57
109 81
136 81
120 108
6 80
1 116
3 84
52 19
17 31
8 75
117 132
4 22
69 2
56 78
122 62
31 83
71 20
44 136
61 133
102 22
137 86
21 28
36 61
108 64
67 63
128 26
87 35
27 112
51 112
49 50
44 130
0 42
124 92
8 6
106 15
118 48
39 129
12 16
80 44
64 24
86 89
120 138
7 59
4 115
114 93
115 5
114 9
13 134
123 38
93 0
83 98
1 68
100 100
134 124
49 50
32 116
136 47
33 90
1 68
103 8
108 64
12 41
14 1
58 46
16 94
114 93
17 31
105 59
105 17
1 116
132 113
38 13
133 12
4 22
59 11
76 122
122 9
83 98
80 44
26 101
55 10
128 37
20 137
4 115
48 33
132 90
100 85
86 89
19 66
16 6
12 16
127 113
57 139
20 2
106 15
97 49
50 49
22 127
83 123
135 53
120 138
77 58
21 57
65 8
52 130
35 15
31 53
69 2
59 107
7 58
22 39
0 111
110 99
134 78
107 93
11 4
68 33
36 61
86 107
6 127
123 52
65 27
36 60
102 131
10 24
15 38
124 92
113 31
9 70
87 35
139 122
127 25
104 23
52 19
93 134
33 110
56 32
25 36
48 96
131 114
10 128
9 43
92 0
17 115
82 85
3 84
71 20
51 117
91 12
13 134
64 24
56 78
85 128
119 7
75 106
27 32
118 52
89 65
126 36
11 129
129 43
118 48
0 42
120 108
60 86
75 11
8 6
2 98
138 77
85 46
63 138
102 22
73 124
100 10
25 125
137 86
77 111
72 3
26 126
114 9
133 126
123 38
115 136
49 94
2 88
13 87
46 35
106 65
107 67
139 118
3 106
74 19
80 37
97 60
72 64
99 68
119 66
27 112
135 69
130 3
57 69
55 1
47 27
70 71
137 74
131 30
43 4
78 114
8 75
95 132
99 131
18 101
88 99
39 137
29 61
35 72
37 45
31 83
136 81
126 108
125 76
129 104
7 59
44 130
14 23
117 132
51 112
88 95
60 47
115 5
6 80
128 26
112 109
40 96
44 136
93 0
117 117
103 123
109 81
21 28
74 91
82 26
61 133
39 129
109 104
67 63
122 62
124 87
90 44
121 7
32 109
69 139
29 133
100 100
128 37
35 72
46 35
135 53
20 137
77 111
129 104
74 19
31 83
27 112
115 136
31 53
107 93
127 113
13 87
32 109
138 77
129 43
85 128
134 78
15 38
8 75
0 111
29 133
106 65
18 101
104 23
95 132
51 112
87 35
13 134
6 80
44 136
47 27
109 81
120 138
99 131
117 132
1 68
63 138
70 71
118 52
57 139
137 86
91 12
14 1
86 89
35 15
29 61
92 0
80 44
36 60
9 70
75 11
128 26
1 116
107 67
3 84
102 131
105 17
39 137
22 39
44 130
55 1
131 30
80 37
72 3
39 129
133 126
126 108
61 133
124 87
20 2
100 85
67 63
119 7
85 46
60 86
33 110
132 90
48 96
56 32
122 62
56 78
4 115
78 114
114 93
74 91
2 88
11 4
106 15
71 20
97 49
11 129
133 12
8 6
131 114
17 115
2 98
60 47
93 134
134 124
88 95
26 126
99 68
108 64
64 24
72 64
27 32
14 23
126 36
38 13
22 127
52 130
100 10
119 66
26 101
110 99
7 59
17 31
86 107
25 125
139 122
65 8
121 7
25 36
73 124
10 24
115 5
3 106
69 139
135 69
37 45
50 49
117 117
120 108
90 44
36 61
75 106
109 104
21 57
59 11
137 74
7 58
97 60
118 48
51 117
21 28
49 94
69 2
93 0
139 118
16 6
49 50
132 113
16 94
32 116
123 52
136 81
102 22
105 59
59 107
65 27
83 123
55 10
33 90
12 41
103 8
48 33
40 96
12 16
0 42
127 25
125 76
113 31
136 47
122 9
124 92
123 38
130 3
83 98
103 123
68 33
57 69
4 22
82 85
52 19
19 66
88 99
76 122
9 43
114 9
82 26
89 65
10 128
77 58
43 4
112 109
6 127
58 46
100 100
127 113
106 65
129 43
134 124
86 89
82 26
13 87
77 58
102 22
122 62
112 109
2 98
74 91
103 8
8 6
15 38
69 2
78 114
6 80
72 3
46 35
117 132
82 85
70 71
122 9
118 48
76 122
27 112
123 52
10 128
55 1
6 127
136 81
14 23
138 77
69 139
97 60
65 27
55 10
110 99
61 133
1 116
120 108
48 96
135 69
3 84
99 131
89 65
9 43
127 25
10 24
31 53
12 41
11 129
95 132
128 37
119 66
65 8
11 4
125 76
48 33
7 59
88 99
118 52
47 27
124 92
121 7
26 126
56 78
133 126
17 31
0 111
83 123
132 113
0 42
83 98
132 90
22 127
103 123
21 28
56 32
59 107
133 12
33 110
25 125
129 104
20 137
113 31
7 58
115 136
99 68
102 131
115 5
27 32
87 35
20 2
131 114
19 66
71 20
109 81
105 59
139 118
100 10
120 138
139 122
31 83
51 112
135 53
36 60
50 49
68 33
59 11
126 36
109 104
106 15
8 75
85 128
49 50
93 134
25 36
114 9
16 94
80 37
44 136
130 3
9 70
97 49
17 115
52 19
124 87
108 64
43 4
35 15
85 46
32 116
35 72
44 130
52 130
128 26
117 117
123 38
67 63
75 106
90 44
57 139
26 101
40 96
107 67
80 44
18 101
4 22
39 137
119 7
32 109
4 115
38 13
88 95
51 117
134 78
12 16
64 24
93 0
36 61
86 107
39 129
126 108
91 12
60 86
49 94
72 64
21 57
13 134
63 138
73 124
22 39
14 1
92 0
107 93
114 93
1 68
29 61
37 45
57 69
16 6
77 111
2 88
100 85
104 23
33 90
74 19
137 74
105 17
136 47
60 47
58 46
29 133
3 106
137 86
131 30
75 11
100 100
117 117
21 57
15 38
82 85
69 2
29 61
118 52
115 136
37 45
25 36
0 42
137 74
107 67
131 30
85 46
119 66
87 35
103 8
97 60
129 43
85 128
44 130
38 13
55 1
60 86
105 17
129 104
27 32
4 115
91 12
93 134
104 23
26 101
67 63
1 68
19 66
52 19
83 123
13 134
7 58
72 64
32 109
75 11
92 0
102 22
29 133
48 33
80 37
88 95
126 36
35 72
51 117
73 124
139 122
59 11
114 9
75 106
95 132
48 96
22 127
49 50
31 83
63 138
74 19
135 69
14 23
106 65
40 96
44 136
120 108
39 129
2 88
14 1
136 81
119 7
82 26
17 115
124 92
125 76
12 41
90 44
117 132
55 10
109 104
25 125
18 101
26 126
56 32
121 7
128 37
77 111
123 38
107 93
110 99
83 98
71 20
50 49
124 87
122 62
118 48
109 81
105 59
133 12
20 2
103 123
8 75
65 27
112 109
86 89
108 64
39 137
86 107
11 4
27 112
74 91
56 78
46 35
127 113
132 90
89 65
131 114
6 127
134 124
78 114
49 94
57 69
3 84
133 126
59 107
132 113
35 15
6 80
113 31
120 138
65 8
64 24
10 24
128 26
22 39
88 99
8 6
99 68
17 31
3 106
47 27
106 15
7 59
68 33
60 47
72 3
122 9
123 52
12 16
93 0
10 128
138 77
100 85
99 131
11 129
33 110
127 25
100 10
130 3
9 70
77 58
57 139
51 112
2 98
58 46
102 131
21 28
16 6
1 116
33 90
52 130
61 133
70 71
16 94
31 53
80 44
36 61
4 22
9 43
13 87
137 86
115 5
97 49
0 111
126 108
32 116
136 47
114 93
20 137
76 122
69 139
139 118
36 60
134 78
43 4
135 53
100 3
863 862
757 585
782 518
24 420
327 359
890 213
666 869
945 313
763 843
912 149
958 367
852 898
585 207
318 876
39 60
401 196
445 962
817 253
895 947
656 388
451 53
718 997
847 449
19 116
84 770
206 708
81 873
416 503
511 498
624 793
135 189
742 341
96 849
663 258
366 263
824 305
414 21
355 183
447 708
73 39
454 33
23 935
873 711
824 912
486 875
669 58
634 7
424 483
947 911
26 874
267 228
343 549
804 19
897 270
268 704
303 759
873 664
636 998
261 16
586 306
983 8
430 807
708 82
610 284
650 611
865 501
14 706
117 735
776 34
324 853
282 669
63 106
761 365
94 694
463 792
323 170
921 360
868 993
142 83
325 982
143 682
709 477
68 179
687 48
431 514
141 130
126 892
826 207
884 591
582 43
563 303
660 805
566 551
960 458
587 454
787 855
752 979
365 834
434 901
697 186
405 588
311 836
739 456
100 3
5 563
198 17
452 900
517 935
42 479
738 599
398 972
583 297
771 857
25 768
129 977
260 101
918 595
741 569
774 299
871 438
831 723
695 213
381 192
2 465
525 24
293 282
369 147
449 599
883 872
355 977
899 395
817 88
19 395
898 263
331 890
186 389
330 334
198 700
272 461
590 749
410 605
794 513
915 589
962 526
974 498
269 326
221 438
159 327
382 107
984 995
419 73
647 891
265 933
432 106
249 982
445 182
40 488
314 370
266 875
323 393
689 118
679 375
807 302
436 495
440 132
534 26
341 891
184 968
546 1
651 364
696 164
481 475
486 13
290 9
992 835
266 68
244 26
693 960
129 530
186 201
91 763
877 535
454 486
9 590
544 568
653 62
534 356
382 232
277 457
346 319
854 681
306 631
407 371
490 362
911 298
338 934
169 559
900 143
134 682
627 146
876 606
196 910
894 737
893 500
183 932
73 131
71 22
100 3
467 239
72 618
927 698
690 160
487 486
152 726
168 388
557 574
367 369
547 644
561 128
557 53
355 452
364 734
156 0
761 293
441 714
232 303
520 401
295 87
146 566
516 749
409 1
326 634
379 197
895 881
419 594
224 927
755 895
51 80
448 187
623 52
917 469
460 567
185 516
181 762
297 461
466 766
658 518
309 259
740 357
895 643
627 960
8 362
897 720
376 107
769 348
488 165
657 101
226 304
309 649
591 573
292 938
170 444
575 463
257 398
801 667
595 817
161 284
997 137
223 723
381 423
866 770
684 424
640 89
256 773
205 623
297 993
24 37
776 64
331 962
580 244
589 915
634 560
792 142
822 273
474 956
919 46
607 917
136 318
16 903
545 246
526 276
326 244
960 150
384 343
732 871
867 199
856 539
264 307
394 829
583 180
849 35
390 265
463 515
374 309
765 698
632 195
638 596
93 74
94 239
599 977
934 532
100 3
704 548
756 884
965 28
125 182
973 660
949 407
214 534
447 732
222 158
690 221
155 213
465 266
792 859
895 860
941 474
737 889
64 779
327 926
309 763
600 676
679 554
861 1
233 969
474 532
611 598
926 166
206 526
517 174
647 666
322 65
430 194
530 805
573 511
461 804
88 824
672 783
918 576
63 239
207 788
573 291
568 203
586 532
82 828
666 26
836 312
470 930
320 563
433 933
913 461
501 657
643 629
428 634
40 677
441 249
485 407
711 734
448 963
143 775
68 590
304 404
646 697
33 368
431 942
76 961
867 71
114 809
354 847
831 934
420 924
197 338
125 853
302 66
195 744
612 732
626 959
901 864
477 623
665 863
89 525
903 151
291 170
360 361
643 667
597 592
365 343
735 87
857 725
890 611
526 604
456 34
323 361
233 550
855 354
810 944
89 48
398 833
893 774
239 940
543 449
850 17
817 655
86 738
998 733
100 3
454 608
652 573
949 987
595 261
347 230
348 967
53 960
88 46
172 41
757 122
726 808
374 229
950 79
235 366
428 759
317 513
918 456
313 198
583 42
790 102
747 521
306 206
28 954
406 491
592 299
675 432
834 253
540 831
583 524
678 375
208 695
249 806
973 199
406 445
201 263
858 431
940 860
798 530
336 970
10 548
493 306
531 86
96 228
724 185
703 948
624 814
110 672
615 774
519 903
640 313
906 884
696 131
458 516
483 926
566 797
438 94
48 481
471 410
82 842
795 476
111 365
6 637
695 597
920 893
215 877
650 787
722 419
351 386
159 189
747 632
220 544
433 97
880 704
422 674
404 14
291 819
537 544
296 482
422 534
795 821
90 302
601 124
34 189
318 803
669 403
505 279
325 78
722 229
216 912
521 212
146 69
33 508
661 688
924 352
79 146
398 122
841 221
816 66
986 942
210 269
547 109
702 832
801 650
100 4
787 572
506 172
737 68
345 44
741 297
415 160
577 245
994 526
661 768
9 711
718 41
550 328
909 965
428 478
956 524
467 910
886 345
881 174
223 260
364 532
666 463
243 750
374 689
967 775
694 718
964 382
131 693
806 192
108 938
50 993
688 938
782 647
944 895
54 399
177 570
754 786
422 214
168 876
36 761
992 316
73 303
382 793
110 139
899 637
133 806
267 584
890 929
907 473
226 265
90 989
410 66
215 651
671 510
803 168
686 58
305 349
977 731
827 27
484 699
949 841
271 995
91 92
128 824
110 808
363 798
27 913
702 789
785 374
151 677
6 640
812 877
833 52
456 980
6 870
474 86
25 236
166 628
65 30
460 7
75 566
219 825
225 514
898 26
611 18
83 754
467 234
196 385
544 983
922 785
712 175
218 254
288 520
308 608
2 731
234 267
702 752
513 338
439 131
104 538
288 407
469 621
947 371
480 24
41 557
100 4
923 812
973 372
626 874
112 225
963 770
480 784
758 108
643 419
771 793
393 612
428 341
487 815
659 918
976 365
449 662
706 869
391 782
213 569
289 327
35 951
359 921
353 837
295 782
968 373
485 542
737 797
371 7
365 840
322 948
652 330
178 74
875 540
532 752
31 684
297 936
580 801
978 377
93 338
746 345
688 941
906 945
947 223
145 591
659 610
153 11
705 682
157 563
252 908
779 464
273 392
424 45
40 804
946 669
262 794
364 648
521 850
913 153
748 961
71 465
985 230
623 592
965 123
550 384
12 351
402 764
183 323
329 830
576 749
936 789
16 6
565 106
961 576
532 100
725 283
531 472
184 234
76 56
40 964
824 830
717 183
799 165
196 104
291 694
854 295
442 525
338 85
44 750
445 971
633 977
802 949
119 472
443 554
608 16
480 1
14 322
901 430
908 786
756 390
13 654
678 866
801 910
276 693
171 655
272 554
100 4
716 878
500 820
865 529
752 718
827 618
733 689
266 64
900 439
442 881
209 126
99 725
110 461
338 3
385 747
264 920
139 948
655 511
111 499
212 722
876 205
194 73
480 28
525 544
750 323
799 214
746 261
180 946
582 868
582 244
480 251
715 468
84 611
475 49
692 18
4 616
962 553
939 631
281 449
461 729
196 375
264 927
396 760
79 803
554 217
865 534
669 802
909 20
398 618
890 894
113 297
883 979
918 887
855 891
176 627
294 906
119 372
308 250
92 714
368 532
61 802
787 345
420 193
508 246
169 676
950 424
794 928
782 386
385 105
364 321
165 569
97 579
214 696
701 978
963 203
432 927
707 13
825 241
262 18
288 227
908 370
709 814
716 506
306 936
319 986
318 822
671 449
405 538
784 565
378 720
325 110
670 212
898 182
280 331
88 974
985 733
651 621
308 696
788 631
447 223
316 59
520 401
250 264
525 435
356 700
100 4
568 715
542 74
888 384
914 633
949 755
315 915
921 506
978 892
235 101
466 661
984 106
100 640
421 23
637 663
109 688
881 116
486 587
862 88
383 759
33 793
935 531
580 202
7 922
506 855
946 351
948 821
901 831
903 705
638 625
406 985
791 433
700 329
943 35
865 955
525 859
943 834
791 219
219 720
833 163
280 862
132 535
891 716
704 16
913 6
964 857
838 992
83 457
195 360
579 138
901 628
346 910
762 130
53 125
798 772
436 587
990 510
150 813
789 96
187 46
869 159
670 887
578 254
744 625
912 771
122 618
67 903
671 342
231 967
539 436
37 583
525 40
798 54
335 686
172 255
40 748
235 674
414 889
884 337
312 349
469 528
807 383
522 851
628 129
243 764
572 195
727 778
877 566
315 284
562 259
52 856
131 646
859 376
306 19
287 191
17 932
932 686
450 102
633 570
123 38
807 787
139 870
452 742
632 188
867 958
100 4
394 234
506 756
321 374
290 987
995 683
912 111
956 108
633 825
203 885
102 653
417 484
870 846
366 795
430 544
252 971
137 884
286 801
860 838
684 65
468 823
116 863
699 80
592 439
864 370
882 696
627 532
668 439
336 920
967 734
62 648
80 106
115 72
563 423
992 882
924 899
534 927
582 153
971 718
233 329
901 627
137 912
52 945
892 160
725 12
143 577
424 895
501 631
656 910
728 947
510 959
746 826
570 259
158 353
187 906
563 402
459 107
326 914
808 98
776 948
159 388
5 662
793 607
234 909
704 430
664 410
887 113
684 333
870 784
351 884
622 169
492 199
112 413
741 354
486 359
97 813
242 714
399 568
2 200
277 709
951 339
454 156
864 416
379 731
423 946
87 560
647 833
4 619
643 428
196 508
511 725
388 530
150 140
326 732
105 520
362 721
334 539
362 629
663 584
595 891
270 576
394 826
999 6
716 264
839 994
100 5
666 292
787 488
817 818
609 574
197 423
340 482
181 495
288 273
909 280
497 491
11 941
661 232
847 303
288 917
216 483
415 632
725 649
361 857
737 485
942 316
983 371
668 957
949 672
20 874
564 804
930 264
30 428
24 146
606 63
201 92
669 283
7 83
413 198
442 665
855 551
599 136
580 500
364 838
401 575
63 872
245 828
335 335
328 795
273 404
48 151
903 694
906 713
165 563
866 14
980 972
975 419
896 640
92 875
733 96
775 686
619 445
193 796
413 556
525 718
82 745
330 555
425 805
152 145
357 511
298 136
327 595
318 482
969 272
181 612
143 963
876 745
389 887
253 612
626 88
409 156
243 368
977 210
533 476
700 877
717 842
190 360
561 171
409 85
394 182
546 551
273 231
926 603
586 640
143 522
394 546
896 445
371 457
718 378
954 170
882 533
150 415
44 837
5 985
718 845
877 292
816 455
879 756
931 370
590 102
32 251
100 5
785 239
871 104
321 69
908 868
555 355
725 132
527 691
275 708
269 492
320 170
935 534
632 842
568 662
995 439
647 700
927 696
690 936
350 164
414 237
294 726
463 645
973 378
323 664
537 744
925 546
509 541
861 192
610 745
912 286
926 698
810 913
567 457
683 944
583 4
8 802
97 750
202 235
293 776
839 384
481 614
383 156
148 658
629 656
136 328
86 40
144 465
477 171
245 488
994 78
210 288
861 803
990 189
735 767
784 879
119 777
292 564
402 293
833 441
76 350
526 206
442 272
307 326
835 815
244 64
753 314
710 401
284 468
450 273
138 258
522 894
762 966
729 434
517 685
986 99
871 247
854 454
455 944
166 391
66 362
322 325
125 38
479 479
406 785
869 22
772 898
3 96
262 629
845 120
489 352
409 985
522 487
420 534
461 428
243 740
620 907
423 506
102 125
882 451
873 247
183 342
905 489
790 8
347 726
768 114
265 412
100 5
985 590
314 843
486 842
754 257
669 508
140 925
167 575
472 472
188 371
967 534
66 611
65 76
413 142
439 124
139 50
868 968
797 469
900 320
306 997
441 945
581 803
994 684
109 750
540 25
463 734
768 580
463 71
997 998
272 732
415 336
669 940
69 132
11 186
900 373
735 194
23 916
158 950
876 491
459 776
284 780
611 626
283 884
850 71
57 858
816 304
382 485
930 327
913 887
581 681
321 284
753 420
764 509
76 810
262 218
314 815
51 401
454 371
917 382
921 943
575 851
651 868
161 464
199 444
236 722
211 347
905 764
4 87
475 982
298 610
347 67
720 324
473 726
910 743
167 595
395 628
969 223
319 649
516 254
425 660
293 711
929 207
984 936
823 495
375 274
530 983
434 616
647 589
580 284
166 706
745 723
111 44
5 600
772 226
309 898
605 911
649 223
193 683
645 111
845 135
165 89
754 472
967 822
248 803
715 405
324 633
100 5
117 426
780 618
355 537
707 651
42 200
790 76
906 807
950 883
357 410
632 106
779 187
620 18
412 271
324 265
216 337
28 970
737 115
642 869
288 910
45 744
471 605
517 375
27 940
277 935
3 502
467 982
271 36
696 136
361 570
116 287
972 395
208 916
491 280
906 375
67 470
741 751
376 245
338 179
776 463
66 377
91 338
100 111
611 884
85 850
513 433
642 338
777 721
815 667
883 900
124 877
492 444
206 309
933 365
541 76
598 774
843 933
595 320
220 457
998 82
323 222
877 708
963 8
551 372
317 203
38 869
778 139
78 856
859 617
8 119
745 758
144 182
942 361
578 562
493 521
467 781
122 666
874 246
749 461
838 982
808 292
336 859
548 182
590 475
837 847
761 49
355 886
176 321
916 769
562 434
428 725
732 887
617 968
788 874
943 755
276 591
653 305
630 529
705 795
875 386
509 975
551 445
973 849
312 712
879 937
479 235
100 5
220 840
896 881
463 986
789 687
693 326
790 955
665 714
604 374
290 843
185 353
762 103
681 212
305 86
854 419
329 639
458 924
47 127
996 466
272 320
451 318
892 4
779 209
965 545
525 235
605 97
947 191
523 590
154 948
488 563
31 639
597 666
163 608
102 229
73 681
306 957
740 619
385 609
337 593
560 815
708 464
442 318
802 575
838 341
482 848
936 884
45 995
176 45
470 519
624 335
497 550
153 858
198 295
928 772
295 548
713 987
675 467
155 557
625 466
980 194
479 493
750 665
804 540
406 460
720 920
950 664
567 967
483 635
901 801
269 800
103 447
901 826
696 101
555 844
50 952
89 221
210 1
740 968
194 839
721 812
151 156
863 691
551 684
440 676
111 397
819 732
62 311
133 67
157 311
208 97
354 497
378 200
33 320
107 963
332 924
663 374
529 699
507 180
471 214
392 452
611 341
937 621
317 689
426 280
370 642
433 672
100 10
34 215
432 427
867 727
594 129
207 337
375 590
831 793
66 372
652 947
639 253
671 404
0 916
924 681
862 55
974 711
161 541
360 334
957 752
326 979
6 670
129 576
10 660
839 50
25 382
3 46
584 893
977 750
162 883
445 772
590 75
929 160
924 839
777 608
679 510
103 543
926 106
874 607
913 928
888 486
27 27
431 272
823 999
47 891
560 387
52 169
793 575
256 663
329 765
29 103
403 96
721 178
453 653
725 660
23 74
228 103
284 822
818 579
420 175
85 743
836 247
10 281
241 845
865 1
226 217
855 153
636 791
224 608
600 466
333 535
997 612
722 432
461 59
516 701
792 489
634 262
784 992
971 999
886 531
765 706
162 778
896 602
405 745
116 323
504 875
243 615
528 675
889 284
772 785
323 166
355 428
555 620
948 950
910 378
453 98
529 176
464 74
604 688
203 653
559 423
483 339
372 352
124 565
509 525
928 686
201 116
29 304
599 665
309 631
289 64
518 162
100 10
707 227
526 113
573 296
312 194
971 98
249 709
487 735
877 196
869 63
477 466
319 631
858 120
599 382
273 827
995 666
886 947
844 71
363 801
421 888
735 713
403 423
5 14
423 738
767 49
303 7
912 837
951 748
574 419
874 425
623 93
654 268
431 298
665 229
426 887
944 267
859 227
791 376
960 447
756 815
399 89
114 202
150 186
182 859
231 439
85 971
562 24
987 511
416 30
256 625
854 412
9 949
234 543
136 803
200 568
839 718
73 807
526 696
265 933
463 937
324 505
763 376
513 175
881 198
112 534
366 589
965 461
870 948
19 202
658 507
324 173
328 864
841 399
407 799
113 978
114 96
697 794
513 96
724 994
249 751
263 940
446 487
166 906
185 585
585 515
650 900
45 577
551 178
663 967
664 187
577 715
625 961
454 215
10 920
799 922
454 618
866 998
954 381
284 248
359 569
897 820
349 11
433 678
219 28
876 739
308 843
1 890
731 418
809 152
46 318
906 973
100 10
159 968
218 239
616 827
299 68
560 296
0 770
27 546
907 395
717 707
838 297
809 573
700 372
16 987
330 269
3 764
143 225
474 747
32 980
332 725
685 469
989 463
712 874
539 296
891 449
250 498
230 851
543 671
837 797
848 181
558 175
14 198
280 781
292 962
670 888
248 346
62 31
288 354
167 491
927 221
899 515
927 860
85 421
582 690
553 442
700 343
178 583
856 443
449 350
360 697
903 522
711 167
443 159
827 313
507 326
675 190
607 821
153 269
384 328
164 313
602 985
290 295
756 786
583 562
574 513
47 719
633 182
971 534
444 940
243 560
405 975
788 24
707 855
101 637
325 328
678 673
982 662
300 493
217 506
664 602
389 963
975 977
154 503
264 880
524 772
866 564
645 975
600 164
534 699
275 157
76 185
826 752
996 439
925 105
338 381
403 521
433 289
741 450
974 631
280 363
843 274
506 167
445 259
975 928
495 922
789 521
424 85
944 141
884 441
693 931
377 53
100 10
996 860
105 335
411 878
980 687
62 942
894 409
704 415
413 272
277 519
116 849
551 208
980 268
539 684
57 273
419 360
618 170
512 673
186 183
116 489
719 759
898 645
722 884
496 692
916 175
783 485
934 20
518 840
206 210
11 524
433 983
146 704
311 874
872 654
582 723
684 628
781 895
545 169
623 667
35 806
881 5
150 148
855 51
751 236
707 680
711 798
931 498
169 413
886 519
584 990
960 36
67 233
573 116
326 110
135 764
577 963
947 818
262 120
349 560
230 963
167 666
179 311
279 407
826 916
379 164
201 817
97 910
494 652
165 890
640 715
366 861
252 341
563 341
466 596
872 495
313 103
118 911
462 698
417 741
746 103
566 24
862 97
66 9
99 925
617 498
602 357
702 411
4 248
690 722
259 432
816 30
990 632
892 512
267 823
251 362
992 698
978 716
533 736
272 595
796 340
21 487
895 611
322 636
149 169
452 40
425 936
596 291
820 361
812 353
539 533
674 766
100 10
92 972
839 589
575 179
369 596
976 703
858 579
935 232
14 946
518 691
563 8
574 967
401 517
197 759
418 510
86 870
474 859
809 274
256 984
95 879
329 883
51 869
75 225
781 511
322 9
781 57
451 173
184 757
704 659
73 253
921 427
864 937
199 825
756 928
173 264
735 945
354 248
276 941
128 796
419 788
775 972
635 872
800 312
186 15
824 414
826 57
532 156
662 693
410 590
413 186
340 474
706 42
495 706
67 793
889 810
779 49
284 843
298 228
407 685
521 226
222 52
726 927
879 659
971 503
517 695
48 250
60 770
869 815
861 837
924 735
691 643
818 902
342 469
580 80
633 591
402 205
389 334
204 369
491 328
711 103
563 577
155 324
119 622
918 582
199 324
551 163
397 38
385 185
183 808
741 763
524 240
848 50
362 458
281 825
61 854
577 204
8 730
710 360
841 254
105 261
858 796
882 573
76 18
586 202
677 818
159 277
298 765
228 262
285 617
713 166
32 130
100 50
943 999
290 883
353 106
785 806
566 981
995 193
878 823
375 590
339 759
168 277
609 105
378 930
978 564
653 65
639 667
460 291
880 559
499 53
402 726
144 958
431 661
962 112
815 966
222 101
292 240
413 208
38 660
927 566
772 805
395 439
459 444
253 182
566 442
879 208
707 36
452 799
669 878
183 895
919 138
674 335
627 524
229 503
328 745
836 386
384 836
358 140
976 891
95 596
177 287
541 610
359 101
453 294
322 686
98 812
254 392
9 936
645 965
457 972
175 462
397 41
786 410
1 858
708 618
654 434
599 142
761 48
556 951
310 803
341 399
28 351
690 790
736 295
321 19
138 933
878 500
71 455
31 18
263 52
843 186
576 643
836 284
187 605
851 727
680 252
328 439
487 118
156 271
961 619
571 253
340 709
855 815
972 554
508 152
607 263
148 549
437 171
491 535
704 785
394 54
110 652
505 261
796 133
84 781
936 419
412 403
12 738
796 613
16 986
867 526
899 570
709 982
676 662
94 841
476 981
675 620
751 26
841 918
469 135
403 831
489 683
572 51
713 103
725 62
594 161
254 126
606 88
742 125
667 278
46 187
767 67
266 583
988 434
406 848
7 32
321 41
391 663
515 923
280 570
969 89
660 55
2 181
456 603
712 924
161 427
685 718
779 646
344 320
961 632
900 307
185 703
100 50
248 67
112 393
124 312
108 453
260 163
597 254
791 935
126 757
144 860
121 681
645 299
583 892
38 709
622 888
9 449
642 308
933 786
100 570
618 356
629 15
336 939
498 452
626 590
540 596
262 125
808 529
780 210
36 331
938 2
717 744
355 361
324 957
262 563
151 321
491 528
244 321
697 334
822 145
732 331
776 150
849 918
524 942
560 510
760 584
518 234
958 488
719 99
810 375
471 723
147 709
517 617
956 299
439 144
390 594
971 349
874 196
194 846
565 27
192 297
882 729
541 134
288 577
128 550
596 800
214 581
659 200
230 329
460 133
483 788
577 831
662 669
421 810
943 458
383 425
547 931
689 692
803 58
401 923
883 304
513 636
810 919
404 380
163 547
637 561
770 421
509 522
284 410
288 940
462 491
613 11
937 664
11 621
137 546
201 567
429 948
871 42
211 276
480 51
333 715
694 777
16 609
116 242
641 642
668 25
130 648
217 473
281 33
906 942
489 558
227 234
695 158
62 440
617 891
190 674
540 440
689 32
731 315
699 453
332 360
783 877
257 735
75 508
538 85
906 104
138 653
854 684
778 267
305 354
612 511
194 544
529 140
870 429
776 21
211 408
407 277
930 858
294 872
949 999
795 342
462 17
587 560
167 378
98 49
140 382
683 91
152 236
677 887
545 93
942 541
665 572
100 50
611 287
760 778
241 212
599 240
480 189
715 92
275 708
218 4
904 913
905 855
161 857
347 861
320 511
321 434
93 456
558 826
917 557
913 958
427 343
902 172
339 307
77 244
762 50
178 246
148 753
47 504
50 598
260 894
786 515
468 573
165 689
879 76
111 606
987 406
837 310
700 139
596 668
992 77
582 944
944 215
80 609
691 939
515 836
404 646
141 152
111 17
788 778
893 12
345 198
159 453
355 530
969 802
745 185
847 743
325 577
377 774
950 519
183 820
962 761
98 32
532 210
798 447
693 194
728 311
101 496
728 738
63 577
430 772
86 37
246 271
667 783
899 383
950 488
539 149
450 100
210 751
798 414
883 618
140 21
197 434
564 373
113 76
153 689
606 887
819 717
609 204
948 115
295 926
945 83
206 27
519 477
339 26
575 742
365 339
695 201
904 660
847 185
787 578
17 722
976 282
370 178
391 856
967 118
827 837
160 766
468 39
425 828
951 388
162 852
66 771
841 463
301 520
457 377
319 147
523 955
562 465
127 98
13 654
587 648
165 25
395 761
634 49
818 146
933 157
677 133
344 276
64 151
763 661
427 411
758 263
784 139
488 33
891 837
828 112
710 39
863 117
119 208
610 678
820 658
791 498
974 901
706 404
507 198
89 150
479 616
629 423
549 731
532 217
708 794
864 737
100 50
276 422
905 494
194 703
636 704
239 857
557 430
483 751
534 235
448 205
680 859
692 569
551 951
792 383
289 50
461 629
432 823
854 107
28 186
720 174
575 976
921 557
856 441
717 665
963 533
694 24
138 20
114 115
530 495
738 92
944 43
182 697
992 642
455 784
534 969
890 432
919 200
955 755
658 984
747 170
300 362
808 542
454 896
628 928
512 859
721 39
218 57
457 533
382 578
159 193
187 332
830 493
830 725
258 543
794 344
202 687
13 835
653 303
29 434
281 788
282 540
603 909
92 896
115 126
372 685
354 940
437 785
877 563
907 186
571 453
139 534
995 617
922 285
889 800
362 224
712 337
645 866
488 506
532 698
236 611
826 497
962 118
793 837
887 715
992 920
524 910
230 946
746 885
859 810
545 754
994 960
448 800
517 316
224 42
227 878
299 835
728 187
77 964
714 438
602 687
39 28
281 543
594 281
283 168
346 42
200 309
497 871
20 613
173 775
325 986
679 326
618 842
106 440
594 551
80 129
765 63
2 748
162 440
12 495
138 67
315 9
865 183
562 434
283 382
388 656
295 450
939 500
451 900
905 228
628 842
90 167
695 844
528 960
704 188
513 637
457 712
605 287
323 114
707 148
487 266
937 606
493 48
403 706
750 794
289 431
654 122
169 63
444 908
451 138
854 512
726 714
100 50
844 553
648 371
27 967
215 181
277 116
840 180
29 882
115 260
110 49
80 650
222 878
260 512
160 482
314 915
281 645
15 543
590 110
851 873
234 610
768 310
737 87
691 174
942 493
609 108
76 722
862 740
53 243
622 925
263 924
105 553
154 257
210 280
454 378
720 228
732 865
481 748
385 631
402 575
75 193
150 748
634 262
512 547
720 315
624 891
235 418
130 982
238 368
978 124
987 823
891 259
436 838
522 516
364 214
754 285
180 864
199 822
343 209
815 513
227 104
454 477
321 243
42 982
8 696
623 295
902 799
329 106
283 555
645 764
298 389
184 873
618 787
202 759
80 573
379 712
286 364
343 699
398 406
190 198
559 756
341 694
353 498
241 637
942 994
652 78
42 823
58 198
159 890
166 942
85 547
583 886
732 188
59 756
136 719
631 645
992 188
242 118
987 69
712 817
958 706
383 674
96 116
287 333
533 985
953 546
132 292
351 262
598 234
478 149
724 334
342 481
435 634
822 497
214 511
893 728
542 419
606 760
433 303
674 440
277 431
405 236
939 191
237 263
848 892
678 615
142 938
919 735
414 637
209 672
198 402
149 238
195 21
847 919
237 750
838 554
860 221
226 917
157 143
972 185
751 711
926 258
988 398
481 278
415 689
482 482
188 630
817 43
292 995
837 881
916 664
451 744
100 100
337 67
182 116
0 805
656 745
952 85
17 745
132 43
628 855
718 546
709 833
426 160
710 792
272 316
209 940
28 458
227 305
434 266
170 639
804 475
274 552
161 477
562 596
832 79
557 454
63 532
990 174
34 716
222 388
362 506
301 88
766 102
100 479
3 400
214 353
411 492
171 57
188 785
607 608
557 796
87 762
432 527
759 404
928 557
469 178
606 58
970 603
902 275
187 492
688 107
962 756
184 576
239 602
278 50
8 376
973 555
169 596
353 82
439 66
406 265
512 448
42 911
838 386
367 737
999 751
412 655
213 885
9 404
712 655
401 850
489 122
101 872
13 901
473 649
329 282
362 586
441 15
121 967
979 166
511 475
135 979
266 68
746 362
413 585
238 212
38 709
924 389
481 458
306 274
866 681
80 169
892 328
157 132
879 175
113 958
481 631
766 717
316 611
259 149
566 529
193 782
609 113
290 634
94 303
516 964
229 792
936 882
533 342
599 234
676 536
656 908
148 827
83 568
137 919
812 931
81 206
390 788
917 66
10 887
601 25
976 122
66 522
948 345
342 486
427 228
87 40
475 773
576 266
639 910
812 700
329 797
306 829
598 891
266 828
168 261
667 370
736 868
304 453
94 142
273 857
763 72
452 396
889 235
319 170
89 483
55 82
436 219
918 165
573 623
245 582
446 850
154 299
550 85
899 463
517 675
603 661
86 365
112 488
295 467
550 403
561 258
901 440
131 44
950 255
700 719
416 817
38 609
499 903
295 955
169 665
83 210
889 392
355 79
741 431
666 250
980 759
463 513
318 412
978 262
133 541
416 228
800 797
183 801
402 199
630 638
940 921
671 486
614 981
220 412
886 37
869 45
716 338
405 791
311 700
9 46
651 118
330 547
137 858
698 742
317 948
914 91
100 100
36 531
259 526
291 895
521 903
952 447
968 553
542 261
648 720
837 492
985 259
731 392
588 575
917 702
238 202
710 626
8 73
164 251
106 680
478 299
108 481
87 943
703 274
999 628
914 552
991 29
683 8
470 606
871 512
680 217
996 840
977 772
450 136
297 258
979 420
493 415
648 802
552 891
683 374
965 823
649 62
912 64
621 550
153 391
318 340
223 9
115 943
740 940
963 280
138 891
736 299
32 899
753 699
780 102
687 309
927 511
227 250
152 922
406 110
896 380
972 729
226 518
297 577
901 258
865 662
726 926
433 680
85 74
477 34
27 634
583 323
936 268
616 467
353 986
669 394
821 324
328 281
276 401
112 538
746 454
485 265
871 395
692 0
318 685
537 797
776 566
878 698
227 399
600 15
456 205
980 270
962 452
50 946
218 669
964 24
359 33
546 579
815 675
864 799
497 6
820 924
956 332
829 459
276 558
510 456
657 964
314 457
251 34
181 5
475 706
150 153
547 213
432 612
366 534
502 459
698 811
834 937
806 567
460 593
346 843
50 763
642 25
224 433
494 713
921 917
158 886
688 109
518 591
295 58
878 16
927 507
39 682
862 609
183 670
427 317
733 951
274 505
636 429
222 101
260 5
669 70
3 188
926 627
963 67
55 588
124 661
755 122
530 108
254 643
261 111
37 563
558 793
670 371
616 799
263 182
381 331
323 92
568 346
98 86
378 379
246 462
493 424
367 856
692 348
797 201
593 139
687 423
887 128
640 129
269 183
64 89
579 837
516 41
570 128
140 166
51 556
352 227
651 922
385 548
939 378
395 31
769 710
421 222
304 750
306 139
779 688
896 880
161 674
539 751
846 985
20 387
267 135
232 872
748 416
6 787
442 295
865 719
243 708
104 391
52 129
889 159
100 100
940 289
127 825
764 633
756 335
202 957
490 913
873 734
553 541
591 907
292 621
100 616
122 399
294 590
516 661
810 911
784 167
560 694
8 938
795 26
917 293
945 556
210 232
731 217
717 432
620 16
425 286
158 199
434 503
728 873
245 997
756 102
611 445
723 329
939 17
685 949
187 725
953 170
607 285
244 974
698 157
123 557
519 405
60 100
995 520
115 303
757 216
542 532
687 179
771 547
136 29
510 89
358 366
320 198
57 494
821 401
52 785
959 778
733 490
266 464
228 991
996 942
554 680
734 910
173 212
848 636
371 452
80 147
162 606
596 467
581 819
792 74
604 291
0 654
987 537
823 930
312 947
244 164
497 314
996 112
418 728
753 81
85 209
5 660
940 294
737 766
139 648
736 69
720 318
684 222
42 32
121 983
675 467
188 282
718 908
463 830
386 969
931 869
476 202
478 362
677 935
649 295
171 172
467 618
970 404
587 252
472 964
48 176
218 278
312 233
737 753
24 226
378 694
96 747
635 744
26 159
97 291
998 502
754 278
858 597
596 823
876 324
839 260
393 299
985 878
670 945
285 170
705 739
802 958
419 506
604 803
401 434
337 233
606 180
885 226
123 430
652 860
555 840
660 677
830 342
788 857
532 343
567 270
701 53
584 296
780 937
590 563
197 260
380 846
401 248
849 25
659 668
449 841
261 165
979 270
322 473
180 633
289 937
579 442
881 717
271 978
805 283
974 30
734 862
57 181
452 381
380 700
482 943
965 477
661 463
755 393
48 93
476 971
2 340
665 547
839 116
837 562
377 698
532 197
513 786
892 480
653 33
835 44
430 15
47 293
553 43
627 929
619 147
772 250
261 801
347 564
502 829
814 542
415 872
966 597
620 136
379 769
621 892
420 567
447 28
455 102
100 100
42 400
728 304
415 843
865 929
844 276
168 895
322 198
701 493
991 888
630 945
916 768
435 507
90 383
658 321
117 505
588 774
925 233
739 129
672 599
941 259
352 273
478 549
328 938
157 364
812 294
697 808
623 884
559 101
686 903
734 594
559 287
189 160
395 958
437 612
307 937
911 706
948 385
135 182
474 314
450 866
577 977
284 953
434 698
819 806
853 554
885 613
646 122
13 781
783 488
147 264
691 99
796 329
962 605
987 119
0 69
677 630
532 382
229 538
699 326
105 315
747 448
350 687
601 746
974 161
698 791
914 618
120 436
435 159
691 384
214 963
231 93
230 51
573 899
289 709
96 920
60 804
901 954
752 528
660 926
178 292
326 805
433 617
918 516
255 421
438 786
257 467
709 451
40 936
924 869
326 924
119 113
978 720
80 670
847 909
353 600
58 724
335 902
553 14
967 209
47 340
529 598
920 193
756 820
833 801
827 197
22 220
59 684
139 774
367 275
419 563
65 356
314 305
125 602
88 55
999 59
353 877
57 282
8 267
806 741
131 916
774 277
101 803
849 123
57 72
152 40
77 430
51 827
774 47
884 877
669 321
627 743
172 360
922 192
325 88
67 896
651 20
889 795
234 232
250 49
635 252
281 614
934 638
648 332
203 859
539 112
890 753
963 709
513 694
998 947
464 145
151 730
481 251
383 936
365 855
674 464
961 859
402 359
294 330
510 924
297 768
852 472
234 547
184 154
76 483
188 734
581 915
400 857
443 379
744 980
150 927
658 780
468 391
864 647
754 921
132 148
26 401
721 685
579 666
729 662
69 888
884 902
934 422
766 406
434 721
301 691
101 587
704 524
27 426
114 852
572 109
11 53
498 344
110 746
693 374
427 431
597 937
888 142
170 345
211 767
317 206
100 100
693 65
255 178
207 942
339 405
550 421
648 376
185 228
59 292
469 17
784 955
842 461
976 891
867 378
50 915
401 978
525 615
14 985
535 36
438 108
341 496
915 547
306 651
922 349
628 334
533 783
90 607
185 197
205 553
430 987
366 150
342 805
410 788
892 996
919 862
176 417
527 619
671 525
216 135
5 472
478 700
102 683
130 702
959 895
355 291
883 723
385 346
297 192
573 240
493 754
661 350
871 852
419 971
395 630
856 915
789 902
300 102
551 506
654 43
672 75
415 517
280 797
115 274
901 815
183 618
224 388
532 974
636 88
296 987
593 761
53 581
945 504
32 414
406 919
409 136
883 47
681 138
83 231
596 286
762 611
445 106
984 866
719 137
546 809
32 942
152 285
929 979
664 310
480 972
982 761
807 229
676 578
285 101
862 103
459 705
282 676
315 146
596 126
99 948
668 929
216 717
345 840
681 744
552 887
938 191
769 48
77 675
397 50
912 887
305 535
234 555
831 616
144 712
704 403
571 50
79 168
17 94
71 868
993 631
286 191
743 810
676 46
221 588
831 431
162 662
397 561
168 217
931 283
126 543
968 5
581 18
57 348
331 74
626 149
878 152
145 190
906 704
220 858
678 491
467 777
260 663
346 652
209 292
202 681
711 32
685 877
244 803
425 592
770 423
802 14
720 440
490 923
644 340
486 664
342 315
675 125
805 646
673 317
94 416
591 897
963 393
554 431
8 563
372 229
576 608
595 881
561 621
178 240
274 744
504 87
816 705
980 780
938 205
821 801
477 911
500 694
692 93
702 771
436 450
510 323
531 835
320 652
927 969
415 580
710 333
764 545
819 691
875 749
632 467
920 920
124 458
776 809
832 698
576 830
68 787
855 96
71 966
795 364
101 884
39 471
371 346
13 34
16 27
507 567
375 626
451 364
589 466
483 305
268 650
782 489
395 703
749 636
588 853
763 672
937 944
232 871
146 726
188 551
341 487
645 751
800 719
838 576
829 393
763 234
650 175
383 145
548 334
550 690
445 824
321 720
247 397
154 289
324 248
433 214
603 225
748 387
452 562
768 265
831 151
150 69
298 457
470 420
708 583
700 795
590 897
916 878
949 515
894 198
870 79
0 0
