100 100
89 65
127 25
73 124
25 125
95 132
78 114
105 17
86 89
57 69
44 130
97 49
31 53
75 106
97 60
90 44
126 108
74 19
122 9
2 98
125 76
112 109
32 116
9 43
102 131
0 111
8 75
113 31
27 32
70 71
124 87
93 0
1 116
63 138
48 96
20 137
43 4
130 3
86 107
14 1
65 8
107 67
72 64
21 57
117 117
82 85
33 110
82 26
109 104
37 45
85 46
80 37
103 8
115 136
16 6
106 15
26 126
100 85
0 42
69 139
119 66
119 7
118 52
29 133
10 128
52 19
75 11
71 20
129 104
7 59
77 58
61 133
129 43
38 13
40 96
20 2
8 6
134 124
4 115
64 24
91 12
46 35
137 86
14 23
100 10
49 94
7 58
134 78
117 132
68 33
131 30
133 12
58 46
60 86
104 23
102 22
49 50
32 109
74 91
6 127
87 35
56 78
136 47
21 28
99 68
132 90
47 27
51 117
88 99
123 38
50 49
121 7
131 114
35 72
128 37
114 9
51 112
25 36
60 47
139 118
29 61
59 107
48 33
120 108
135 69
44 136
93 134
10 24
33 90
65 27
17 115
18 101
27 112
59 11
110 99
69 2
56 32
83 98
109 81
132 113
2 88
11 129
99 131
77 111
139 122
120 138
36 61
85 128
57 139
9 70
13 134
55 1
108 64
3 84
3 106
6 80
118 48
22 39
115 5
92 0
12 41
83 123
80 44
105 59
1 68
16 94
26 101
17 31
15 38
76 122
22 127
103 123
122 62
67 63
39 129
39 137
133 126
4 22
136 81
52 130
13 87
12 16
55 10
107 93
123 52
31 83
106 65
72 3
36 60
35 15
135 53
19 66
88 95
137 74
114 93
124 92
138 77
128 26
127 113
11 4
126 36
100 100
85 128
123 38
13 134
120 138
117 117
110 99
122 9
136 81
18 101
100 10
14 1
104 23
114 93
118 52
56 78
102 131
36 60
137 74
9 70
117 132
135 53
114 9
124 87
78 114
55 1
16 6
4 115
107 93
13 87
55 10
75 106
115 136
37 45
130 3
107 67
19 66
44 136
115 5
82 26
49 50
49 94
35 72
7 59
87 35
91 12
8 75
25 125
112 109
99 131
103 8
25 36
17 115
125 76
124 92
106 65
77 58
65 8
133 126
88 95
15 38
0 111
39 137
32 116
68 33
35 15
64 24
77 111
0 42
26 126
50 49
44 130
51 112
61 133
75 11
51 117
138 77
60 86
113 31
128 26
36 61
88 99
133 12
12 41
10 24
131 30
48 96
126 108
11 4
129 43
92 0
11 129
57 139
127 25
22 39
86 89
47 27
32 109
76 122
93 0
27 32
29 61
122 62
59 107
134 124
46 35
128 37
83 123
105 59
65 27
118 48
137 86
127 113
56 32
99 68
102 22
139 122
80 44
129 104
132 90
103 123
119 7
16 94
52 130
72 3
136 47
100 85
70 71
39 129
21 57
93 134
38 13
21 28
14 23
131 114
48 33
60 47
71 20
1 116
33 90
121 7
4 22
74 91
7 58
22 127
123 52
3 106
83 98
86 107
135 69
12 16
80 37
106 15
31 53
20 137
69 2
105 17
58 46
27 112
6 80
95 132
40 96
97 60
69 139
119 66
8 6
139 118
59 11
52 19
74 19
57 69
63 138
43 4
17 31
20 2
31 83
90 44
134 78
10 128
108 64
3 84
26 101
2 98
97 49
132 113
6 127
9 43
120 108
73 124
82 85
85 46
89 65
2 88
33 110
109 104
126 36
72 64
109 81
1 68
29 133
67 63
100 100
3 84
88 95
48 33
7 58
82 85
108 64
110 99
65 8
70 71
114 9
119 7
139 118
100 85
44 130
43 4
129 43
78 114
132 90
7 59
107 93
8 75
93 134
105 59
86 89
9 43
31 83
73 124
133 12
27 112
133 126
60 47
85 128
103 8
76 122
16 6
18 101
46 35
80 44
134 78
120 138
26 126
10 24
22 127
35 15
132 113
57 139
82 26
56 32
40 96
119 66
14 23
74 91
105 17
12 16
32 109
21 57
83 98
37 45
122 9
33 110
134 124
69 2
107 67
55 10
49 94
63 138
102 131
11 4
15 38
126 108
104 23
21 28
97 60
1 68
77 111
137 74
56 78
17 115
113 31
1 116
36 61
71 20
135 53
89 65
124 87
95 132
109 104
91 12
20 2
60 86
8 6
124 92
13 134
51 112
48 96
35 72
59 11
90 44
4 115
16 94
72 3
47 27
129 104
51 117
10 128
22 39
103 123
75 106
114 93
25 125
69 139
130 3
6 127
64 24
58 46
123 52
59 107
6 80
120 108
0 111
17 31
77 58
61 133
9 70
29 133
65 27
74 19
92 0
52 130
109 81
122 62
121 7
127 25
44 136
55 1
68 33
25 36
127 113
3 106
57 69
2 88
20 137
97 49
87 35
136 47
85 46
99 68
29 61
32 116
50 49
117 132
31 53
118 52
33 90
83 123
4 22
67 63
115 5
139 122
100 10
52 19
102 22
118 48
19 66
88 99
99 131
117 117
11 129
106 15
106 65
0 42
80 37
27 32
75 11
137 86
39 137
128 37
112 109
123 38
131 114
36 60
115 136
13 87
126 36
131 30
128 26
72 64
125 76
12 41
86 107
136 81
135 69
26 101
138 77
14 1
93 0
39 129
38 13
49 50
2 98
100 100
137 74
112 109
21 57
55 1
103 123
85 46
2 88
133 126
55 10
117 117
137 86
126 108
33 110
88 99
29 133
73 124
31 53
124 92
114 93
61 133
18 101
20 137
129 104
129 43
48 33
93 0
93 134
47 27
138 77
113 31
46 35
52 19
74 19
72 64
26 126
0 111
49 94
126 36
87 35
118 52
35 72
99 131
19 66
37 45
69 2
82 26
58 46
6 80
119 66
122 62
139 118
6 127
89 65
127 113
115 136
43 4
99 68
2 98
32 109
15 38
8 75
16 6
49 50
4 22
12 16
1 68
76 122
80 44
130 3
57 69
115 5
60 47
134 78
14 23
136 47
102 131
135 53
51 112
133 12
3 106
38 13
22 127
120 108
97 60
57 139
72 3
11 129
17 31
77 111
80 37
86 107
9 43
52 130
71 20
120 138
131 114
105 17
77 58
128 26
106 15
59 107
50 49
109 81
82 85
25 36
78 114
123 38
92 0
63 138
139 122
127 25
102 22
68 33
70 71
39 137
51 117
90 44
27 32
103 8
107 93
65 8
64 24
8 6
26 101
85 128
1 116
13 134
110 99
134 124
67 63
65 27
36 61
0 42
59 11
104 23
29 61
10 128
123 52
3 84
124 87
44 130
83 123
10 24
132 90
4 115
21 28
13 87
75 106
17 115
9 70
136 81
91 12
86 89
74 91
7 59
75 11
106 65
56 78
105 59
48 96
36 60
121 7
31 83
97 49
122 9
16 94
44 136
56 32
100 85
114 9
33 90
12 41
128 37
117 132
11 4
69 139
135 69
108 64
119 7
109 104
125 76
132 113
7 58
95 132
22 39
27 112
88 95
60 86
131 30
14 1
118 48
25 125
107 67
32 116
39 129
83 98
20 2
40 96
100 10
35 15
100 100
135 53
85 128
52 130
103 8
72 64
100 10
85 46
123 38
58 46
127 25
107 93
49 50
139 122
113 31
68 33
17 31
125 76
86 89
139 118
119 66
117 117
57 139
26 126
136 47
108 64
43 4
48 96
9 70
69 2
16 6
119 7
132 113
21 57
114 93
8 75
131 114
124 87
76 122
91 12
120 108
77 58
93 0
60 47
137 86
44 136
104 23
126 36
2 98
13 134
38 13
112 109
97 60
88 99
133 12
133 126
15 38
90 44
47 27
61 133
56 32
86 107
3 84
95 132
80 44
67 63
29 133
138 77
128 26
64 24
21 28
93 134
114 9
129 104
132 90
26 101
7 59
89 65
110 99
11 4
18 101
55 1
134 124
128 37
72 3
7 58
83 98
126 108
4 115
63 138
29 61
10 128
105 17
75 106
109 104
117 132
135 69
100 85
36 60
102 22
78 114
80 37
0 111
3 106
19 66
65 8
137 74
106 15
39 137
49 94
32 116
77 111
2 88
14 1
82 26
40 96
35 15
35 72
22 127
32 109
130 3
27 112
106 65
87 35
20 137
124 92
99 131
102 131
13 87
105 59
118 48
52 19
70 71
8 6
0 42
103 123
59 107
1 68
39 129
129 43
31 53
71 20
127 113
107 67
55 10
37 45
11 129
60 86
57 69
51 117
88 95
118 52
6 80
25 125
75 11
20 2
48 33
17 115
10 24
31 83
16 94
44 130
50 49
1 116
27 32
22 39
25 36
4 22
56 78
109 81
12 16
6 127
46 35
115 136
120 138
51 112
123 52
73 124
82 85
69 139
83 123
12 41
121 7
92 0
65 27
99 68
122 62
59 11
131 30
36 61
122 9
14 23
134 78
33 90
74 91
74 19
115 5
97 49
33 110
9 43
136 81
100 3
112 484
259 727
35 883
850 66
269 32
479 784
492 678
952 85
280 329
613 358
657 468
259 876
165 873
806 153
187 895
47 575
94 690
536 371
88 213
789 739
130 813
790 72
582 39
759 123
422 762
551 978
449 258
694 642
657 139
697 52
601 638
386 572
979 361
479 726
354 931
33 240
954 538
756 36
578 782
878 355
865 501
936 417
246 115
158 508
16 617
40 309
624 974
625 408
132 328
808 259
508 416
590 241
818 206
57 34
708 288
116 149
228 893
794 974
386 959
949 383
599 924
115 400
862 469
414 258
642 218
772 516
667 115
188 452
900 964
244 329
106 437
783 218
866 298
955 5
351 286
25 426
49 636
456 423
46 976
159 874
902 88
631 349
277 941
819 885
752 789
527 184
361 308
594 874
448 340
714 81
103 161
464 790
121 779
360 961
163 5
464 593
99 210
739 506
443 176
29 713
967 905
357 269
48 533
100 3
198 187
840 324
832 509
668 685
96 710
313 463
695 838
997 461
23 486
918 651
124 212
253 552
6 729
404 696
405 602
688 868
671 354
588 626
750 829
254 866
200 40
493 949
448 975
305 133
391 433
216 727
87 816
679 366
609 867
73 53
964 731
14 103
270 803
902 232
963 159
861 814
351 653
618 375
360 475
794 369
177 794
217 829
844 344
513 126
511 919
965 307
547 684
129 147
65 637
877 274
431 121
332 859
45 841
149 175
57 698
275 347
509 378
571 21
691 58
644 879
296 517
329 710
144 131
853 309
440 148
248 626
389 57
439 71
141 612
359 53
162 272
618 12
294 22
843 258
697 64
75 959
626 477
127 966
926 151
597 355
10 862
263 8
60 820
625 245
9 372
15 275
950 154
706 67
165 522
140 915
516 641
921 381
776 114
452 334
687 87
766 45
59 352
89 560
707 813
558 90
717 503
96 383
703 186
100 3
20 938
87 732
145 880
474 562
334 527
403 581
422 812
316 139
656 562
0 3
998 143
159 321
942 283
39 989
751 495
495 633
995 445
761 969
731 861
908 279
536 375
805 553
414 752
642 227
684 439
594 609
459 43
236 358
72 822
808 643
630 503
309 996
973 286
582 382
770 823
797 905
999 615
334 262
724 199
654 82
45 96
276 137
716 35
611 793
899 895
712 775
10 57
426 285
507 310
530 952
249 857
14 277
214 774
733 792
659 729
4 358
943 802
718 66
221 254
605 326
441 674
669 699
640 243
582 475
8 574
294 478
379 121
876 619
629 133
997 820
542 188
817 922
620 589
45 604
93 227
914 190
871 433
165 629
992 616
262 422
99 210
818 413
959 918
53 729
626 433
920 953
132 451
844 353
648 558
535 898
121 420
704 310
714 855
52 424
37 412
497 275
629 376
394 115
140 712
816 404
905 272
718 972
36 186
100 3
627 774
208 722
947 906
992 81
707 431
282 874
504 170
772 889
703 43
744 628
278 997
320 628
520 563
437 824
522 80
440 611
858 492
800 97
766 887
517 280
505 359
85 61
515 359
225 49
914 566
430 789
205 809
54 770
895 933
777 169
792 367
161 122
963 950
414 475
458 218
662 368
919 632
875 101
404 356
726 819
98 893
677 905
865 942
414 200
885 387
385 177
438 445
246 440
996 858
771 545
226 915
152 449
662 898
379 95
180 715
865 656
244 272
418 933
692 470
988 681
906 38
16 989
311 113
385 179
990 110
467 269
768 299
881 338
224 717
371 765
922 110
731 96
974 739
716 239
105 377
277 885
258 551
529 809
68 412
804 183
319 713
509 965
912 462
659 465
782 947
162 365
784 380
802 28
325 936
762 626
839 954
921 700
850 263
675 939
74 858
186 140
142 76
317 716
103 651
45 869
2 839
889 587
420 843
100 3
103 116
421 570
340 408
517 78
376 752
357 178
437 459
76 926
962 465
309 322
51 92
940 323
142 762
52 640
776 496
860 71
780 668
540 879
521 75
437 494
719 473
761 378
539 413
204 202
919 571
286 668
123 304
89 898
967 853
998 296
840 480
751 372
304 381
196 729
658 411
82 39
588 951
348 721
207 399
139 648
402 496
240 622
287 100
32 371
554 142
71 338
768 5
197 334
678 481
961 436
975 748
378 310
142 836
699 736
275 165
671 804
311 16
683 931
844 520
22 331
464 819
288 108
77 578
221 878
848 340
789 764
416 461
353 818
752 156
732 354
688 845
820 375
364 48
947 767
64 918
230 522
237 183
893 431
969 568
861 78
415 547
256 455
851 193
131 485
175 452
896 755
687 191
583 188
548 245
293 791
988 61
930 395
855 845
216 192
827 488
869 968
323 415
670 537
564 706
661 544
537 169
463 274
112 316
100 4
111 734
599 477
705 923
777 395
651 73
579 486
109 854
542 923
0 836
186 832
370 26
494 206
637 137
327 444
294 647
606 905
793 876
625 704
615 310
211 67
373 32
735 224
25 423
472 799
635 795
454 584
385 86
277 408
686 953
254 802
787 36
979 111
466 51
796 417
216 91
688 417
416 561
423 846
102 206
294 875
167 853
787 938
605 551
207 530
887 832
910 896
947 837
59 583
74 707
904 186
805 284
685 113
985 995
474 631
346 248
471 134
239 22
915 306
876 339
73 551
851 628
96 557
242 131
275 730
598 102
807 311
991 0
676 724
430 576
920 689
424 591
623 882
974 714
63 609
871 530
480 747
593 610
374 383
841 402
86 377
670 957
7 728
202 492
679 994
228 675
385 625
638 105
824 988
640 562
373 145
665 108
467 975
549 619
10 532
750 586
871 28
150 509
139 759
303 430
788 583
0 260
126 110
475 674
37 571
100 4
193 221
955 306
693 791
374 59
851 980
652 16
561 697
954 251
115 591
877 920
249 550
762 132
231 860
495 576
664 683
908 730
865 542
129 12
185 368
155 344
321 66
787 188
214 556
198 736
373 824
558 559
655 685
932 338
385 972
258 990
527 473
702 981
650 718
557 16
72 216
867 71
369 404
995 768
414 939
764 637
141 283
589 299
967 991
456 898
820 628
532 773
20 378
439 855
533 52
489 582
542 422
635 4
197 430
616 583
154 845
149 576
908 71
365 901
467 261
982 575
738 141
752 348
938 64
437 640
23 115
788 478
547 236
315 909
775 707
24 95
990 633
379 858
127 685
65 190
860 676
373 481
246 966
165 160
650 512
726 502
351 717
778 40
905 589
651 911
642 307
783 976
522 505
965 974
421 434
984 964
716 755
529 627
412 832
827 100
283 263
391 79
382 933
278 187
120 648
172 419
475 104
141 405
337 370
517 919
100 4
684 930
554 123
503 543
457 317
168 949
22 791
585 434
572 983
689 377
908 195
823 858
955 156
930 187
157 833
582 658
716 61
823 326
590 677
160 393
800 518
599 899
219 563
431 91
355 779
878 908
236 721
519 984
530 855
987 392
731 799
540 423
913 966
509 787
218 852
202 674
410 434
276 970
515 18
469 157
116 199
602 394
761 415
261 566
993 643
359 489
605 273
327 284
943 767
524 525
69 572
802 454
898 617
419 326
804 692
354 485
101 721
913 790
8 818
195 308
904 750
603 524
30 698
339 876
663 809
86 251
619 922
178 491
279 75
712 469
880 276
996 806
758 116
418 348
492 772
569 973
965 874
461 137
748 620
404 877
185 632
593 980
663 505
437 734
469 484
692 904
39 825
148 217
22 397
857 94
541 99
886 46
832 983
13 627
206 648
829 467
382 454
422 524
451 598
706 883
784 670
620 955
967 937
475 854
634 947
100 4
187 694
475 997
108 914
837 976
918 897
164 448
342 899
410 328
459 352
40 347
385 365
274 183
867 255
65 620
659 432
745 263
464 943
279 26
281 125
478 837
715 170
453 657
252 218
365 192
95 275
869 656
609 155
518 289
948 265
862 254
590 537
1 424
117 158
45 177
640 915
577 448
960 251
147 136
580 138
416 762
233 768
249 364
860 175
280 723
315 171
136 965
581 406
683 858
871 601
129 334
592 359
35 669
585 493
137 969
52 633
349 632
852 367
557 913
373 489
900 786
306 761
967 793
252 884
484 672
60 155
801 509
611 960
481 302
910 987
86 984
481 531
369 529
733 292
70 533
416 90
139 991
291 537
67 349
566 758
21 992
675 8
437 213
623 517
159 318
326 675
268 138
535 249
609 922
186 801
862 279
205 826
302 352
95 82
676 817
966 151
745 236
761 66
247 103
223 107
950 209
460 769
968 771
478 678
617 394
100 4
290 818
714 843
872 217
541 907
850 76
312 616
928 66
876 282
158 877
940 813
603 274
605 50
45 64
139 628
751 326
712 346
809 479
38 809
403 352
104 139
101 614
391 477
444 60
819 611
96 67
193 808
444 582
44 945
133 273
341 147
2 373
876 648
920 114
600 192
597 406
279 750
860 881
249 89
288 108
37 165
433 243
813 620
450 964
178 569
130 346
740 313
755 809
950 991
694 462
303 843
387 246
219 132
993 639
753 488
517 12
749 223
553 804
171 639
373 311
498 494
91 608
934 611
487 661
76 240
136 285
927 827
539 516
838 799
516 44
529 771
419 391
162 203
800 258
177 280
573 888
761 425
506 106
408 391
161 784
86 316
105 269
492 82
429 486
78 788
404 400
519 75
383 408
848 785
668 694
788 188
705 259
41 548
996 768
299 803
985 389
588 84
687 394
527 632
240 550
405 660
80 719
273 822
541 541
55 672
100 5
972 952
271 237
34 965
565 846
577 417
838 338
18 124
502 38
853 629
135 522
327 557
592 48
210 428
863 188
312 849
743 193
561 318
37 60
791 788
867 549
32 254
955 701
672 626
190 357
384 161
998 203
113 536
793 910
201 212
490 434
912 364
951 753
988 737
846 875
581 59
32 767
865 156
861 479
553 947
456 800
70 76
585 546
106 754
235 770
705 209
270 585
332 356
572 189
121 596
961 670
268 328
489 972
2 91
254 758
790 650
884 11
2 231
646 303
822 892
677 701
472 470
503 864
871 506
511 452
0 862
490 630
720 680
992 893
446 78
671 307
775 10
601 540
800 638
328 502
439 472
652 446
479 173
484 853
744 402
194 713
944 716
795 691
673 386
729 330
456 30
22 653
434 322
699 199
887 858
819 804
410 448
718 901
708 552
18 992
126 303
579 742
916 759
845 652
452 624
974 710
770 660
376 791
513 69
646 307
154 252
100 5
460 417
575 521
390 75
853 938
129 705
671 850
149 953
389 935
47 528
143 448
622 662
287 604
972 224
808 171
668 991
297 632
456 125
253 321
549 815
860 497
342 745
563 348
922 687
626 517
342 489
932 633
484 15
540 246
319 513
469 823
420 744
34 546
522 88
526 242
678 510
483 77
415 624
929 587
584 344
372 46
19 680
301 196
311 334
381 868
150 444
599 957
786 808
923 375
618 927
308 101
464 996
427 868
217 142
630 173
944 32
865 658
132 457
302 562
616 177
938 174
566 569
165 547
920 38
911 829
813 341
319 199
797 685
675 699
837 430
889 598
786 183
651 999
857 513
338 774
838 77
656 15
877 704
471 655
900 207
134 186
408 830
460 587
536 599
269 792
486 192
423 409
723 955
916 919
551 401
429 62
999 795
539 578
493 460
245 702
803 539
690 560
66 335
369 983
686 523
713 553
834 866
233 903
959 925
447 983
430 503
100 5
398 897
826 412
777 773
57 379
404 314
65 107
439 413
396 86
402 229
818 89
22 604
611 709
309 671
43 139
710 331
530 303
767 258
319 643
805 821
270 262
368 236
470 9
669 168
81 570
128 824
741 707
452 763
739 653
209 947
239 50
520 735
455 418
744 218
449 530
331 503
853 416
298 570
37 814
471 363
283 137
362 845
732 845
575 390
299 468
387 778
85 126
383 504
77 868
204 537
338 549
743 283
835 491
629 304
419 981
79 270
211 724
619 814
108 724
223 282
866 518
675 709
835 463
702 122
941 933
801 723
193 228
69 484
997 235
364 426
645 388
226 629
794 452
319 110
539 705
89 585
24 473
104 655
322 412
876 908
852 397
639 49
78 169
143 511
857 595
428 155
922 983
155 715
77 847
380 386
916 125
497 598
530 341
894 619
448 744
209 320
79 720
427 517
613 676
487 925
212 388
679 833
51 291
928 460
776 505
747 937
100 5
156 863
785 655
695 510
961 191
215 572
184 626
136 816
269 527
863 473
444 781
1 113
650 138
51 753
579 512
991 888
949 416
551 817
493 437
581 182
309 355
16 915
562 1
477 787
792 161
590 601
115 903
974 946
338 664
876 560
97 254
13 194
181 631
624 254
638 546
71 189
18 754
979 196
834 555
741 650
166 521
639 652
345 525
49 328
307 105
918 796
271 156
661 615
900 956
161 324
66 858
423 974
700 407
215 591
414 621
141 299
100 32
975 216
742 282
383 998
978 538
497 580
279 450
56 464
590 238
73 110
407 110
336 362
51 431
153 102
804 468
617 700
128 621
514 546
19 239
778 563
265 180
912 267
775 950
767 614
846 822
404 74
753 485
247 814
21 458
228 601
781 810
578 887
34 912
626 917
684 887
315 96
843 363
383 4
835 802
112 622
953 484
240 438
782 960
635 302
524 532
984 854
44 355
962 92
251 661
283 396
100 5
495 549
359 758
117 688
51 508
398 396
336 800
344 688
231 917
390 227
777 975
820 334
376 992
789 542
592 538
911 2
260 819
771 764
94 107
667 322
424 341
15 296
668 531
224 186
484 890
211 872
166 521
547 932
915 277
760 869
965 829
987 437
424 131
565 584
622 537
338 710
725 106
452 212
212 392
372 812
269 767
327 340
241 315
246 531
706 400
37 95
851 129
182 401
51 24
612 494
126 367
853 723
969 801
933 915
924 888
594 679
896 177
64 265
24 370
119 310
443 7
907 392
678 673
855 335
494 148
425 280
292 983
948 160
135 868
833 894
886 854
670 921
419 528
560 678
401 843
280 89
635 949
731 453
858 941
686 457
646 715
572 152
834 679
850 391
417 89
954 253
474 728
639 912
227 310
82 784
919 745
705 334
39 510
786 741
855 169
343 127
613 699
964 838
667 201
775 32
39 858
293 196
4 463
974 292
339 664
827 385
100 10
950 413
814 734
405 114
821 411
953 238
352 827
652 813
863 82
87 792
630 292
20 613
338 105
476 632
835 99
422 331
683 377
218 894
994 508
343 755
882 923
529 565
772 607
591 621
402 497
277 210
401 574
222 354
911 330
216 625
134 388
16 826
954 161
798 200
877 338
33 309
367 61
661 477
592 826
75 452
930 56
505 86
356 871
25 340
718 506
567 385
910 644
747 597
658 618
726 216
185 517
402 626
889 58
353 919
203 970
328 384
503 595
433 86
296 960
277 519
91 722
239 794
839 341
733 835
532 674
854 161
87 372
938 964
768 17
781 468
70 939
986 760
297 971
448 6
874 802
630 529
59 979
185 381
297 89
740 553
5 367
254 87
241 333
53 101
919 968
878 577
270 722
24 627
696 378
152 983
646 361
956 888
392 745
739 407
732 671
37 742
702 5
243 180
752 759
876 418
403 973
375 510
584 855
188 714
538 653
43 412
622 273
721 777
486 639
208 499
516 997
100 10
336 506
15 948
712 413
322 384
358 288
221 663
126 804
57 579
377 329
858 34
309 72
694 668
449 735
857 553
891 280
928 503
474 138
695 142
419 686
494 707
220 728
639 878
570 21
377 470
106 300
715 664
102 237
937 990
775 597
368 819
332 392
20 233
107 888
578 557
319 610
675 640
336 160
260 666
418 129
275 727
844 91
737 472
491 391
932 59
573 514
565 696
805 763
768 572
94 921
195 280
493 426
746 714
55 749
578 652
552 870
85 29
282 954
225 43
688 470
76 116
615 71
809 454
192 752
685 745
599 356
820 236
667 859
81 925
375 247
653 603
254 825
79 983
270 595
286 407
532 456
672 693
510 897
712 797
28 227
509 279
581 177
237 155
983 218
674 529
402 456
142 954
269 69
703 111
962 82
613 186
460 974
506 918
871 412
809 315
879 804
365 531
835 427
978 417
791 305
90 526
842 59
699 726
725 750
910 507
508 686
994 727
540 40
541 93
314 503
30 347
100 10
276 534
599 708
853 768
53 124
22 909
652 174
990 779
523 713
236 995
572 968
894 173
87 199
283 800
76 278
851 181
173 144
227 458
874 712
539 289
279 631
382 397
339 926
988 297
490 192
778 203
140 925
242 769
610 252
174 403
470 689
602 75
4 729
335 130
715 94
787 51
25 901
451 943
318 300
603 362
875 129
668 529
644 495
49 251
709 160
597 463
957 649
507 806
26 394
114 950
184 215
235 848
805 929
140 928
394 131
529 159
78 718
507 323
962 70
902 900
43 119
712 263
669 50
920 165
429 847
720 708
525 423
580 808
657 337
198 47
14 207
821 100
600 492
765 402
837 599
101 146
12 66
560 263
158 311
813 569
797 329
696 380
325 557
320 351
539 922
192 314
208 902
632 779
841 923
138 313
93 348
1 194
302 408
740 797
83 333
207 877
5 426
31 218
931 376
598 136
309 92
822 150
263 33
983 141
242 450
858 931
812 176
237 865
757 21
347 336
222 609
100 10
324 972
85 709
279 368
858 95
734 452
233 300
128 548
484 695
756 772
863 883
936 404
320 673
850 117
673 66
912 629
604 92
88 338
713 686
884 405
241 95
448 522
147 292
972 195
349 835
978 712
790 425
783 908
597 749
519 645
740 763
346 533
166 895
197 414
65 959
685 287
258 942
776 220
734 127
558 517
432 580
814 502
300 710
492 209
220 502
151 220
890 233
988 262
291 795
538 55
644 274
543 943
613 643
949 649
17 992
993 460
213 393
182 983
144 477
842 332
45 393
157 758
667 75
701 503
742 436
16 165
610 684
980 692
957 464
98 525
81 912
262 877
732 296
802 485
433 536
676 741
254 512
509 882
343 846
255 216
500 978
96 44
744 772
675 472
757 120
344 210
226 501
937 990
415 174
621 305
837 481
151 877
287 606
568 252
363 807
752 189
107 262
25 77
683 92
598 707
165 933
485 983
273 365
585 27
818 571
562 770
632 195
394 211
482 840
735 603
635 802
100 10
630 518
744 440
513 727
537 239
456 904
725 703
735 609
70 197
687 809
138 461
33 259
232 546
592 157
672 165
458 982
482 873
752 193
233 211
475 669
240 922
289 400
689 713
37 340
324 443
625 218
479 69
590 99
578 403
785 34
698 317
716 506
986 153
248 976
283 194
728 611
608 444
9 946
634 698
929 379
748 519
697 808
494 298
142 325
497 311
237 206
862 183
104 817
696 270
492 670
153 624
282 488
106 364
229 134
269 391
620 347
34 510
695 534
680 8
461 329
652 360
30 907
451 850
739 661
163 245
621 814
261 178
723 532
982 692
196 328
450 626
591 573
242 664
358 575
439 797
152 394
834 466
754 869
687 167
62 525
335 857
563 648
568 860
848 542
420 793
192 81
223 320
247 565
961 334
70 309
189 156
650 328
796 234
417 192
465 732
61 60
32 813
578 761
344 992
285 799
454 840
97 288
418 545
324 438
996 685
206 861
620 723
248 143
10 500
650 51
228 419
100 50
611 841
383 519
366 316
153 312
792 234
803 882
539 701
558 292
572 727
190 22
612 126
172 854
676 70
127 315
691 636
903 449
645 187
714 596
801 933
330 727
303 776
574 908
6 403
425 498
743 72
462 833
861 831
476 132
816 509
408 891
435 133
668 232
219 293
466 505
578 606
664 348
634 496
182 722
818 614
205 635
403 665
541 78
860 380
590 816
714 83
992 76
794 122
67 924
592 560
42 22
228 354
760 832
287 886
149 583
370 149
258 332
707 485
15 139
969 404
730 794
130 599
907 463
38 387
972 411
766 285
730 245
90 600
98 71
358 257
793 573
808 483
583 487
395 412
408 75
130 2
318 308
685 479
340 31
136 936
239 473
0 554
305 876
991 608
681 868
337 467
304 91
720 162
451 682
754 381
579 17
44 967
26 441
178 374
25 323
558 873
474 493
305 302
759 302
2 129
175 432
528 365
237 819
131 319
54 897
819 109
242 254
135 480
410 358
446 424
482 231
84 375
638 412
531 677
258 649
900 961
27 872
825 534
213 525
51 343
55 891
79 842
255 692
94 571
987 93
763 726
55 873
826 957
480 874
946 932
879 404
947 753
102 596
141 414
998 137
523 304
91 268
523 947
151 194
956 551
229 708
189 170
244 190
353 908
719 415
112 244
267 944
870 680
357 280
205 626
457 243
100 50
13 460
172 803
107 669
690 759
392 239
376 480
509 771
597 313
523 970
417 878
20 30
337 911
558 488
763 203
52 431
274 171
493 560
932 869
965 538
457 616
339 277
67 937
915 497
48 109
812 322
473 783
795 523
38 387
677 423
62 475
188 438
439 906
655 510
456 286
864 219
626 583
645 623
577 544
211 865
73 812
610 883
956 330
573 660
932 675
653 892
984 141
489 262
841 519
431 716
602 587
56 619
478 252
15 911
906 42
807 91
306 909
955 557
28 546
819 571
373 795
222 668
404 694
569 339
327 814
841 699
175 241
686 968
80 381
871 13
585 58
965 451
436 169
500 92
885 481
654 725
528 321
760 985
396 669
73 385
347 954
742 59
3 264
18 768
652 877
869 674
364 354
295 743
426 947
632 342
243 631
988 804
135 253
848 361
334 311
753 168
849 0
987 691
690 210
293 998
10 170
517 892
649 159
6 587
944 381
43 197
792 820
324 785
886 511
593 164
92 275
851 336
616 417
625 242
395 995
695 356
218 949
924 967
58 195
172 324
657 767
901 763
719 741
579 476
544 928
191 81
541 691
291 41
153 2
464 200
673 914
338 483
453 607
773 554
552 85
213 398
537 777
98 200
312 444
393 471
664 589
702 780
9 775
70 935
361 776
434 988
729 586
594 427
800 586
110 325
913 431
100 50
29 680
143 359
94 155
314 978
637 553
535 965
324 680
738 790
438 154
164 271
959 93
953 647
569 62
958 913
522 119
708 202
597 129
277 691
535 317
286 555
993 956
850 347
991 116
410 235
86 252
488 897
651 589
28 804
669 232
909 331
312 789
555 852
890 995
250 22
898 291
893 962
789 824
299 549
201 868
622 280
502 465
521 443
845 126
142 608
825 234
192 13
264 995
417 159
680 457
952 248
563 529
747 192
795 674
479 628
284 964
781 454
433 958
916 407
225 28
671 394
735 710
944 179
169 256
46 320
676 646
582 991
152 364
746 75
691 351
676 420
864 777
420 381
348 719
321 998
164 858
239 712
758 804
203 901
299 845
701 143
87 998
256 106
553 31
448 751
716 842
257 57
722 31
374 568
319 983
347 704
616 18
70 225
234 340
658 695
460 687
939 104
272 70
702 319
346 14
740 12
436 18
929 484
322 247
226 374
632 617
955 626
256 268
611 202
204 306
145 848
388 645
151 813
286 175
565 422
981 977
941 200
747 397
822 193
31 485
479 481
437 282
805 336
153 466
51 155
991 580
419 704
325 72
667 19
528 706
588 176
379 405
854 830
939 98
732 605
537 259
910 986
295 552
176 368
900 471
650 486
540 197
834 414
904 919
21 97
6 149
942 140
625 465
352 245
500 432
64 651
100 50
582 643
480 127
158 488
0 496
904 638
985 226
186 541
101 305
561 780
11 12
40 866
670 810
547 497
947 279
285 75
975 922
362 646
184 645
611 11
666 849
225 331
369 255
161 88
862 121
884 294
932 752
86 837
690 638
311 428
844 19
232 848
707 763
871 492
936 311
707 943
290 903
799 353
619 508
967 213
788 998
352 22
482 63
448 637
523 88
213 864
346 678
118 546
268 334
312 258
183 295
108 420
943 526
119 7
108 416
375 820
725 770
340 167
238 188
26 175
254 982
103 345
41 643
733 188
905 122
763 451
242 313
420 51
839 946
353 101
897 648
977 929
482 479
959 341
432 159
64 222
327 44
907 240
886 469
705 530
175 516
589 141
890 351
700 197
406 861
424 113
6 269
645 997
957 217
668 911
365 976
86 340
572 885
691 498
804 115
416 357
745 43
670 566
289 440
928 178
954 513
590 409
395 909
953 232
782 241
148 629
586 581
552 589
62 325
979 850
265 571
598 388
319 205
520 71
823 811
796 657
35 252
132 23
402 782
892 858
158 42
501 321
176 277
348 19
575 290
455 321
539 108
247 418
404 620
834 777
565 661
251 707
68 651
12 273
507 657
820 453
535 982
173 308
431 967
21 145
882 939
186 350
970 456
489 3
394 627
25 872
970 604
299 486
705 205
829 641
990 176
100 50
688 277
849 245
227 481
641 193
789 362
168 187
714 7
95 713
465 282
207 843
38 302
975 628
193 158
785 52
956 702
818 511
874 800
420 501
787 227
176 583
343 640
244 626
545 298
484 280
170 149
493 524
381 300
665 176
26 608
68 454
538 941
393 361
374 69
959 224
31 179
597 162
141 151
814 348
347 835
749 700
664 2
226 905
478 976
243 5
918 191
46 50
55 236
523 452
701 643
669 505
897 294
847 131
642 793
148 137
995 189
887 533
68 863
259 718
350 612
355 544
491 751
363 988
641 712
18 466
360 270
768 507
237 769
70 278
881 386
92 444
651 68
107 348
246 516
498 500
20 334
268 919
572 324
387 263
321 841
633 362
828 562
614 134
794 237
324 582
423 214
141 751
521 183
177 942
938 402
944 981
295 695
281 171
804 371
767 238
324 24
811 61
507 849
180 653
607 471
774 301
186 466
248 921
739 300
188 992
466 32
539 107
739 665
308 803
897 943
964 799
394 100
278 294
169 97
344 271
917 102
968 978
642 375
685 266
877 103
284 921
55 512
168 882
490 372
240 128
660 924
185 403
246 415
718 413
208 106
764 873
398 39
842 994
832 350
407 483
359 557
249 963
856 216
538 223
363 166
562 480
439 714
277 895
286 291
858 337
9 982
135 370
203 19
526 377
753 216
708 762
100 100
340 398
197 428
744 480
663 701
274 540
933 165
56 480
717 940
773 681
89 595
689 610
194 959
337 743
243 622
434 397
236 398
87 671
363 709
770 114
470 513
631 219
280 63
383 401
356 833
719 300
992 361
889 860
911 605
432 32
149 473
210 289
523 730
99 79
862 403
5 498
784 510
123 92
150 794
430 708
82 306
269 896
978 406
899 644
371 322
527 926
803 188
441 340
179 585
454 848
133 884
743 208
204 323
178 111
170 119
36 881
983 138
310 968
248 14
106 501
28 312
276 603
79 544
77 162
679 872
254 222
658 542
240 849
822 826
527 240
187 73
862 472
810 590
48 256
981 339
417 34
668 511
760 79
778 243
149 294
355 227
780 421
813 999
460 995
510 880
970 784
780 107
101 642
843 242
25 828
787 372
260 475
163 612
194 652
458 959
221 99
515 590
508 238
163 691
296 283
218 424
201 390
430 841
931 680
779 580
966 409
575 132
890 857
317 260
522 880
904 836
622 647
747 627
463 593
357 798
266 986
221 108
420 330
953 491
361 336
963 156
128 672
867 678
697 916
513 846
398 855
551 962
855 292
287 300
858 221
995 434
970 950
408 556
647 447
973 347
996 747
286 469
785 647
890 1
0 626
9 514
898 513
932 453
950 942
613 962
51 945
198 678
112 704
125 470
25 940
560 497
135 680
588 123
840 307
352 874
947 718
501 666
42 615
572 946
977 221
812 106
233 410
301 311
259 570
598 758
364 579
928 622
234 699
553 506
265 70
863 565
971 915
437 504
821 475
80 574
282 919
690 200
503 444
726 229
656 682
277 335
839 570
287 861
444 210
238 105
762 103
159 947
820 701
234 588
913 506
260 652
152 487
574 141
332 566
915 233
453 8
944 969
763 611
542 352
857 907
866 455
100 100
216 615
873 798
999 164
282 672
67 79
521 441
873 811
987 558
279 490
530 193
979 986
508 355
789 175
629 320
758 144
121 900
302 562
289 898
630 23
678 635
147 418
660 255
481 610
32 781
97 11
613 488
833 210
298 58
646 101
671 840
186 982
337 338
623 564
758 742
634 677
546 581
896 581
169 797
385 101
893 257
258 947
926 516
527 817
788 785
628 415
21 36
540 800
952 386
689 731
551 846
560 154
765 311
370 13
650 705
291 402
452 881
600 309
498 557
731 643
506 93
609 650
431 300
288 664
104 168
469 533
589 542
350 233
589 450
132 171
920 628
553 740
784 436
966 697
577 60
790 457
293 316
340 463
457 816
520 604
330 140
143 883
996 465
546 855
541 103
494 839
586 732
881 872
933 902
942 576
243 163
205 774
645 736
551 808
609 205
96 344
801 595
159 913
486 318
295 660
87 515
19 70
749 111
512 152
58 93
827 126
155 909
663 510
246 979
128 691
442 186
779 719
754 314
530 736
538 127
554 643
64 526
104 315
940 224
321 314
703 529
843 139
781 538
834 777
548 600
341 561
504 278
978 690
893 463
207 820
426 376
302 462
552 876
297 336
237 668
193 133
361 899
391 414
903 869
915 877
389 626
612 728
424 39
284 953
50 279
105 115
563 506
262 380
187 268
321 604
985 962
255 127
998 783
548 599
120 385
762 490
233 703
721 312
569 784
445 60
977 993
279 485
998 185
151 423
458 938
90 700
550 289
56 30
207 869
359 959
355 781
5 710
368 138
845 726
300 380
834 958
597 20
418 232
277 726
435 200
352 240
153 417
764 669
488 978
159 283
466 148
932 146
752 163
596 259
35 455
355 357
258 709
510 325
624 972
235 697
743 861
153 751
637 35
646 125
660 15
137 951
100 100
236 134
168 21
599 804
874 568
325 306
9 75
429 625
913 851
424 391
504 219
720 359
465 235
969 739
724 160
879 204
713 524
819 900
725 385
354 668
338 808
135 993
201 211
74 251
456 576
266 561
707 282
237 985
660 870
244 626
55 452
573 302
926 271
971 368
317 402
434 913
653 917
89 365
673 155
901 219
927 642
710 222
829 898
914 318
368 57
753 115
390 56
289 461
448 280
178 988
391 20
208 812
996 447
174 264
827 171
965 645
275 729
444 805
256 964
883 397
243 725
37 800
964 761
623 0
531 888
616 218
891 453
283 231
0 896
559 432
770 559
897 375
730 268
692 496
866 44
458 563
894 736
881 556
808 646
509 399
674 757
497 231
127 97
961 323
252 877
24 725
753 283
748 601
195 433
871 84
361 586
608 330
385 816
374 958
34 487
837 149
607 534
543 544
647 721
199 724
962 960
719 467
137 885
343 388
497 827
136 996
331 321
339 678
353 737
465 450
735 865
476 895
439 102
914 770
326 547
562 449
569 346
0 19
755 976
598 879
841 293
859 390
617 873
931 115
399 234
959 312
747 537
419 495
510 159
280 990
399 133
81 500
516 378
685 452
461 174
685 474
413 978
73 876
32 124
448 955
489 899
642 381
861 345
289 243
631 651
620 16
658 708
329 580
646 672
631 405
734 885
151 143
711 800
14 542
669 588
331 441
556 818
449 132
162 711
107 876
300 392
126 377
51 159
74 431
692 856
239 967
549 517
570 836
17 307
337 527
209 741
571 870
751 255
628 93
973 406
976 888
224 29
26 155
912 598
428 477
314 316
870 994
202 5
476 640
679 255
933 177
607 225
377 297
118 138
337 394
883 804
962 61
411 346
81 406
433 162
873 934
319 859
946 703
223 210
888 127
199 749
100 100
995 895
972 44
952 573
564 825
756 235
456 220
940 122
324 327
537 925
802 992
542 889
62 526
85 624
224 477
453 262
58 689
155 717
675 144
348 248
715 707
548 981
231 296
801 968
150 243
972 783
645 504
695 840
876 119
677 393
827 327
924 759
258 813
351 996
708 745
893 830
474 192
282 731
285 549
337 310
325 462
969 252
959 679
716 666
606 819
589 159
414 40
372 123
185 699
253 333
829 240
921 551
242 400
460 4
642 805
421 438
290 710
879 99
439 937
630 705
804 209
128 178
895 140
811 584
385 132
481 942
702 19
919 76
709 670
165 600
834 767
757 719
676 751
341 486
2 215
534 863
284 376
554 625
52 12
459 689
874 809
976 778
7 740
711 209
301 738
856 245
212 681
482 412
850 637
840 255
470 838
529 150
757 604
102 873
403 222
515 455
387 114
699 492
850 549
146 420
391 941
113 279
375 912
451 180
18 329
740 633
311 370
818 580
394 960
728 294
569 993
141 672
908 325
125 63
942 589
416 448
371 929
666 828
370 410
785 104
786 707
564 551
953 97
758 473
955 201
124 110
463 59
558 430
315 45
455 658
374 323
596 651
787 872
14 342
631 897
538 578
355 761
711 704
351 502
481 596
515 661
854 932
407 39
713 5
393 19
512 237
871 55
268 812
730 526
709 991
617 295
979 723
143 597
342 285
701 260
169 536
988 211
194 734
115 191
188 512
174 891
557 852
733 129
758 452
858 531
431 230
569 632
201 155
207 869
879 555
678 332
788 70
750 923
956 528
636 660
117 820
463 465
49 991
180 907
833 230
821 10
745 293
744 173
579 139
666 275
59 719
267 159
962 260
120 649
809 388
10 220
938 994
246 667
403 240
318 422
90 198
416 22
601 447
918 610
867 889
331 767
100 100
434 233
862 689
347 459
835 32
28 712
529 739
826 511
185 918
74 859
757 387
825 339
741 358
138 166
618 500
149 886
494 773
136 574
649 490
222 100
19 325
174 710
799 492
955 659
84 602
309 108
419 882
208 326
548 751
419 679
19 565
211 980
835 13
973 575
703 462
360 171
159 679
990 341
923 205
702 828
843 914
178 313
613 598
485 550
180 197
767 345
30 126
584 599
278 714
468 750
561 542
768 589
702 878
37 55
290 635
209 794
276 476
634 363
468 748
365 93
533 991
36 185
655 797
521 690
73 777
34 435
304 132
532 275
545 162
331 171
987 671
38 562
390 221
431 567
228 454
167 800
400 228
118 910
511 640
187 496
792 841
810 687
165 310
294 810
881 654
495 998
91 797
698 374
893 420
677 820
200 632
86 321
141 655
283 773
64 152
638 761
383 655
288 474
932 337
811 253
937 194
820 792
110 14
64 612
422 482
529 545
996 1
539 983
664 471
789 705
525 416
630 426
356 327
472 717
492 605
987 102
371 678
144 938
56 3
402 979
575 921
260 550
796 416
270 714
716 766
505 868
532 54
914 255
527 287
944 838
157 256
680 444
966 19
893 606
197 583
498 51
493 322
187 800
480 51
243 905
477 727
412 547
972 992
680 96
724 707
597 700
717 449
752 588
174 194
699 698
313 794
114 312
826 456
645 591
354 539
784 476
133 645
46 724
777 545
242 200
540 819
500 8
134 776
14 884
361 708
713 301
568 52
591 929
930 908
780 954
242 998
744 645
437 945
298 128
137 891
159 361
381 237
550 419
469 131
755 83
351 907
73 586
345 464
950 542
443 45
971 341
258 421
205 444
825 129
489 141
883 54
85 593
52 822
294 163
173 80
765 585
856 959
20 292
629 196
379 871
716 862
13 30
982 32
151 381
916 337
293 273
673 95
771 940
579 251
262 990
245 298
519 779
242 565
180 905
20 760
90 148
626 45
920 304
805 727
533 864
234 856
141 619
428 432
810 367
554 225
308 220
226 478
535 734
618 547
750 286
865 178
380 114
90 334
224 807
449 743
821 833
871 932
862 636
326 397
211 601
502 641
566 395
289 249
158 89
617 92
0 0
