100 100
107 93
132 90
99 131
4 22
65 27
139 118
15 38
22 39
16 6
13 87
44 136
4 115
125 76
99 68
102 22
126 108
57 69
25 125
136 47
77 111
2 88
138 77
135 69
69 139
11 129
58 46
8 75
67 63
137 74
6 127
6 80
82 85
13 134
35 15
124 92
10 128
93 134
127 113
12 41
127 25
1 116
82 26
107 67
10 24
97 49
114 93
20 137
90 44
19 66
39 129
120 138
60 47
120 108
12 16
7 59
85 46
16 94
89 65
80 44
25 36
9 43
128 26
129 43
2 98
39 137
118 52
55 10
105 17
0 42
48 96
48 33
86 89
77 58
33 90
21 28
36 60
56 32
3 106
117 117
109 81
76 122
73 124
72 3
74 91
65 8
88 99
109 104
118 48
50 49
126 36
132 113
70 71
115 136
121 7
21 57
43 4
137 86
110 99
83 98
123 52
0 111
115 5
52 19
119 7
131 114
61 133
7 58
29 133
136 81
117 132
31 83
134 124
18 101
17 31
14 1
93 0
134 78
135 53
11 4
75 106
85 128
69 2
122 9
55 1
119 66
74 19
57 139
40 96
129 104
33 110
97 60
88 95
1 68
64 24
22 127
60 86
131 30
128 37
100 85
49 94
86 107
72 64
124 87
59 11
75 11
38 13
26 101
113 31
83 123
122 62
51 117
103 123
32 116
27 112
106 65
9 70
44 130
87 35
78 114
52 130
14 23
59 107
130 3
91 12
47 27
123 38
37 45
26 126
56 78
71 20
104 23
108 64
95 132
102 131
92 0
106 15
17 115
133 126
80 37
20 2
49 50
112 109
133 12
3 84
68 33
114 9
36 61
105 59
29 61
139 122
27 32
103 8
35 72
46 35
32 109
8 6
100 10
31 53
63 138
51 112
100 100
115 136
113 31
109 104
133 12
132 113
7 59
93 0
72 64
85 128
31 83
38 13
25 125
8 6
1 116
119 66
43 4
105 17
0 111
131 30
49 94
109 81
110 99
60 47
61 133
106 15
16 6
32 116
39 137
64 24
50 49
118 48
120 138
47 27
7 58
99 68
27 112
87 35
83 98
74 91
100 85
128 37
17 31
128 26
134 124
105 59
52 130
122 62
63 138
69 2
33 90
125 76
75 106
20 137
15 38
12 16
103 8
130 3
126 36
3 84
46 35
139 118
77 58
82 26
97 49
21 57
51 112
49 50
71 20
134 78
40 96
73 124
112 109
26 126
124 92
33 110
88 99
90 44
36 61
6 127
95 132
117 117
18 101
124 87
3 106
55 1
114 93
70 71
59 107
118 52
80 37
75 11
25 36
29 133
102 131
31 53
86 107
120 108
135 53
83 123
57 69
126 108
85 46
137 86
52 19
9 43
59 11
39 129
123 38
78 114
4 22
60 86
19 66
11 129
9 70
82 85
119 7
55 10
135 69
57 139
129 43
0 42
12 41
6 80
136 47
97 60
107 93
121 7
13 134
44 130
1 68
32 109
127 113
115 5
92 0
138 77
44 136
103 123
133 126
139 122
107 67
4 115
86 89
21 28
29 61
132 90
129 104
106 65
27 32
17 115
37 45
102 22
80 44
69 139
99 131
14 23
108 64
88 95
48 33
48 96
2 88
117 132
65 27
77 111
56 32
91 12
65 8
35 15
20 2
93 134
36 60
10 128
11 4
104 23
8 75
123 52
16 94
51 117
137 74
136 81
26 101
67 63
89 65
22 127
58 46
76 122
74 19
14 1
56 78
114 9
72 3
2 98
122 9
10 24
100 10
22 39
131 114
13 87
68 33
35 72
127 25
100 100
56 32
120 108
76 122
118 52
17 115
117 117
12 16
119 7
133 126
72 3
78 114
18 101
29 61
40 96
26 101
22 127
132 113
131 30
107 67
110 99
92 0
106 15
55 1
85 46
126 108
127 25
106 65
129 43
69 2
51 117
21 28
35 15
105 59
119 66
55 10
58 46
109 104
134 78
52 130
10 128
83 98
100 10
99 68
124 87
63 138
6 127
89 65
97 60
19 66
25 36
114 9
107 93
27 112
120 138
115 5
125 76
13 134
20 2
3 84
127 113
133 12
95 132
15 38
7 58
122 62
49 94
69 139
88 95
99 131
123 38
27 32
85 128
102 22
60 47
112 109
61 133
103 123
32 109
93 0
135 69
31 53
20 137
137 74
59 107
31 83
6 80
118 48
121 7
75 11
117 132
137 86
126 36
86 107
80 44
33 90
4 22
4 115
2 98
80 37
104 23
128 26
50 49
9 43
13 87
97 49
136 81
16 6
56 78
47 27
22 39
138 77
82 85
11 129
14 23
77 111
113 31
132 90
68 33
72 64
21 57
86 89
67 63
129 104
77 58
88 99
16 94
109 81
1 68
49 50
87 35
128 37
2 88
51 112
122 9
70 71
102 131
139 122
12 41
39 137
8 6
75 106
36 60
93 134
32 116
36 61
136 47
11 4
135 53
73 124
17 31
33 110
90 44
52 19
60 86
103 8
91 12
83 123
131 114
130 3
48 96
71 20
43 4
65 8
14 1
35 72
134 124
65 27
9 70
44 130
39 129
37 45
38 13
100 85
3 106
57 139
82 26
44 136
123 52
74 91
105 17
1 116
10 24
8 75
0 42
7 59
57 69
59 11
114 93
48 33
115 136
108 64
26 126
46 35
124 92
25 125
29 133
0 111
64 24
139 118
74 19
100 100
87 35
76 122
102 22
131 114
46 35
103 123
43 4
114 9
6 127
129 104
15 38
133 12
57 69
60 47
7 58
74 91
85 128
80 44
135 69
82 26
138 77
131 30
104 23
118 52
60 86
136 47
117 132
1 116
130 3
91 12
38 13
3 106
82 85
120 108
128 37
11 4
97 49
83 123
132 113
14 1
103 8
29 133
119 66
109 104
57 139
39 137
44 130
52 130
95 132
107 93
135 53
12 16
88 95
61 133
22 39
3 84
123 38
13 134
133 126
86 107
19 66
105 17
136 81
106 65
75 11
10 24
64 24
99 131
44 136
33 90
48 33
22 127
21 28
55 10
59 11
69 139
56 78
20 137
47 27
89 65
21 57
69 2
86 89
8 75
63 138
121 7
27 112
6 80
126 36
118 48
128 26
93 134
72 3
14 23
115 5
9 70
48 96
105 59
73 124
137 74
125 76
33 110
13 87
25 125
72 64
108 64
0 111
20 2
39 129
8 6
90 44
122 62
10 128
139 118
68 33
58 46
37 45
100 10
16 94
17 31
106 15
0 42
127 25
26 101
32 109
31 83
55 1
49 50
112 109
25 36
29 61
99 68
67 63
4 22
134 124
102 131
65 8
80 37
26 126
120 138
17 115
83 98
71 20
124 87
4 115
85 46
32 116
122 9
16 6
113 31
59 107
2 88
139 122
7 59
36 61
78 114
100 85
27 32
114 93
51 117
18 101
49 94
97 60
51 112
110 99
74 19
36 60
127 113
107 67
115 136
9 43
1 68
12 41
88 99
124 92
40 96
56 32
11 129
65 27
137 86
77 111
70 71
123 52
93 0
2 98
52 19
50 49
109 81
132 90
134 78
92 0
119 7
117 117
31 53
35 15
75 106
126 108
77 58
35 72
129 43
100 100
74 19
56 78
132 90
39 137
77 111
7 59
60 47
139 118
25 125
86 107
35 15
8 6
92 0
104 23
130 3
82 26
31 83
97 49
40 96
118 48
139 122
43 4
38 13
102 22
137 86
127 25
63 138
103 123
26 126
18 101
19 66
44 136
120 138
55 1
32 116
131 30
122 62
3 106
69 2
95 132
9 43
67 63
105 59
47 27
117 117
21 57
133 12
59 107
17 115
83 123
108 64
22 127
12 16
138 77
61 133
2 98
59 11
70 71
99 131
2 88
60 86
112 109
44 130
20 2
36 61
135 69
68 33
50 49
129 104
72 3
6 127
119 66
85 46
10 24
118 52
110 99
32 109
124 92
78 114
33 90
8 75
129 43
97 60
1 116
88 95
33 110
7 58
49 50
17 31
114 9
52 130
29 61
107 93
126 108
52 19
57 139
3 84
20 137
132 113
35 72
27 112
16 94
136 81
122 9
136 47
14 23
15 38
93 0
72 64
51 112
106 15
99 68
37 45
75 11
0 111
10 128
134 124
128 26
48 33
83 98
9 70
11 129
117 132
56 32
46 35
73 124
126 36
124 87
82 85
137 74
64 24
128 37
119 7
120 108
14 1
90 44
4 115
4 22
88 99
131 114
100 10
107 67
133 126
29 133
69 139
86 89
115 136
1 68
115 5
75 106
0 42
102 131
135 53
13 87
85 128
127 113
106 65
57 69
114 93
105 17
76 122
65 27
109 104
12 41
22 39
123 38
27 32
48 96
26 101
16 6
51 117
21 28
6 80
71 20
93 134
134 78
65 8
80 44
100 85
91 12
49 94
25 36
89 65
123 52
77 58
80 37
58 46
39 129
121 7
87 35
103 8
125 76
55 10
113 31
11 4
74 91
36 60
13 134
31 53
109 81
100 3
385 282
593 416
883 672
425 791
181 653
648 746
144 482
231 538
811 950
650 162
169 857
570 971
567 303
93 359
308 467
280 405
234 913
623 708
42 966
813 547
393 650
569 512
732 152
141 521
745 944
429 928
327 379
689 380
207 998
877 766
244 932
948 187
575 504
794 165
235 778
596 354
204 839
415 908
781 683
26 968
194 893
265 494
815 69
541 942
486 798
778 421
963 829
899 872
252 879
154 705
810 85
20 237
639 969
489 221
230 184
594 877
78 4
177 202
365 391
204 58
791 298
946 568
762 120
835 637
230 299
295 648
759 185
631 974
135 551
322 907
212 983
641 817
219 954
730 716
80 542
213 579
224 353
624 44
997 701
177 648
517 378
724 668
874 236
223 42
780 724
595 786
655 111
793 386
218 154
516 195
224 158
335 316
21 419
119 454
22 126
408 150
905 718
418 468
162 495
345 112
368 273
566 460
561 643
100 3
53 8
781 564
548 225
427 463
67 490
614 698
582 708
659 568
149 528
94 497
414 534
235 244
480 748
914 144
631 788
918 872
856 22
278 541
228 982
872 453
472 815
516 857
49 624
373 31
683 411
500 186
258 840
168 403
933 122
441 274
995 987
859 428
188 591
976 319
521 597
995 149
270 770
740 272
701 554
534 704
757 140
883 889
156 688
31 519
825 182
977 237
352 123
347 214
641 96
726 932
893 253
266 824
82 894
876 771
663 804
394 358
543 938
945 819
815 993
620 945
968 2
618 870
896 316
520 109
920 7
975 664
211 932
69 620
28 411
590 167
681 270
369 578
354 867
768 64
694 986
395 115
114 620
903 522
480 816
605 643
19 577
463 772
432 890
190 915
686 588
7 202
422 638
136 66
760 681
328 644
549 841
344 777
537 458
783 744
369 486
672 166
458 869
849 912
991 816
171 903
3 116
909 986
256 825
100 3
628 981
545 475
337 599
165 744
698 433
936 776
436 545
600 3
1 429
77 834
474 456
981 74
235 304
784 599
883 408
589 411
517 208
173 219
463 741
875 478
987 243
80 702
669 973
208 110
780 784
848 135
279 22
534 709
565 352
289 955
913 823
549 570
32 975
555 15
312 39
346 712
944 957
246 437
258 309
139 317
604 613
666 694
188 321
704 23
397 503
481 797
579 781
390 450
830 97
675 811
719 226
63 213
726 626
494 273
233 573
464 885
917 777
640 483
179 916
433 174
362 849
581 421
164 166
846 623
735 250
517 832
297 575
737 225
808 144
405 818
300 794
647 389
278 736
718 262
792 289
980 88
51 374
735 771
785 832
556 654
364 424
226 212
745 366
373 185
761 658
926 8
357 14
676 109
86 522
765 202
240 682
145 945
334 917
266 456
793 98
252 338
883 7
14 768
312 76
74 759
693 96
444 880
674 255
100 3
958 335
523 284
224 601
312 548
680 142
28 165
801 998
86 541
791 145
203 373
996 464
765 505
371 392
756 609
484 743
581 253
827 540
396 73
851 422
176 203
321 646
363 286
130 929
228 916
795 87
663 188
258 240
353 115
726 349
314 234
318 668
809 129
685 174
594 916
276 794
747 93
198 533
164 653
842 238
229 547
628 300
872 920
791 208
844 143
208 157
977 778
749 393
15 199
626 152
374 705
547 79
350 411
248 578
278 359
140 306
380 478
640 918
703 929
240 360
175 849
694 226
257 405
514 696
62 850
932 50
303 696
483 421
443 321
685 484
852 928
135 867
155 631
723 641
894 905
336 715
594 669
414 412
540 4
125 872
754 438
994 709
723 520
89 686
340 269
622 858
161 316
764 249
879 646
959 8
288 761
506 995
930 81
585 616
601 163
236 694
993 268
162 874
822 816
744 473
27 942
204 636
755 922
429 201
100 3
919 939
562 369
1 482
355 81
576 624
936 85
249 410
8 652
354 582
48 194
928 199
431 326
103 40
258 633
606 682
78 83
366 341
41 497
982 612
828 92
39 731
754 603
357 597
749 289
684 77
79 812
51 669
42 538
56 631
394 99
983 60
884 360
399 920
427 294
317 472
4 762
865 868
126 233
582 684
283 635
380 798
907 859
707 990
354 880
172 16
903 383
406 675
785 3
983 61
973 939
981 147
457 107
764 844
234 68
365 970
666 295
572 982
925 578
117 48
642 887
224 451
207 794
944 920
851 569
890 581
87 852
268 993
828 972
561 465
813 913
512 90
371 748
520 973
163 321
656 423
639 8
93 380
239 493
124 527
944 840
324 424
231 68
184 646
857 797
862 31
491 812
912 513
672 850
657 466
12 600
493 965
719 872
370 591
585 819
860 970
332 858
372 704
893 735
564 658
250 423
385 987
585 410
268 113
100 4
843 961
797 480
865 145
250 989
698 427
415 123
979 16
189 940
951 360
977 918
438 526
476 338
5 539
807 260
938 809
671 493
285 261
206 36
260 866
151 473
997 850
37 296
800 226
558 728
808 97
693 302
614 920
207 341
430 889
269 724
528 839
74 829
849 547
445 449
874 72
543 575
530 469
79 973
16 417
927 410
797 134
926 525
675 250
687 491
533 215
37 248
305 161
705 970
43 400
869 466
219 342
396 852
488 695
186 853
122 628
413 216
860 315
927 88
863 344
317 985
527 86
284 116
374 660
755 230
198 82
625 785
9 448
807 119
485 452
799 554
759 519
290 28
566 536
542 953
954 484
653 333
326 628
247 526
683 196
201 982
302 973
251 33
391 910
969 71
487 466
238 737
956 644
17 137
377 623
857 817
887 668
218 91
379 141
273 284
409 322
535 92
271 162
827 945
115 74
518 286
824 950
894 22
526 312
505 697
100 4
645 989
833 100
916 40
157 506
27 115
701 633
610 50
306 350
5 721
333 599
839 981
450 173
335 827
960 122
483 297
653 129
393 302
137 563
187 172
794 521
307 327
792 854
260 23
589 635
757 736
274 892
942 279
47 264
929 104
829 444
535 37
211 817
662 844
989 109
895 990
528 258
854 264
515 809
652 306
58 786
915 81
508 269
274 587
511 748
283 30
32 750
758 427
711 844
469 97
167 763
180 4
880 18
758 72
838 198
700 380
408 431
235 98
186 564
597 746
833 394
892 175
646 424
870 722
353 692
532 743
484 227
257 993
393 434
314 332
273 726
484 520
186 368
831 752
104 125
51 506
912 334
790 974
288 711
658 652
578 907
76 777
994 156
96 430
634 296
861 529
518 514
434 333
816 389
821 170
139 478
44 860
685 30
337 861
134 937
817 450
167 143
196 513
330 836
140 292
160 352
695 704
512 598
495 562
949 399
100 4
532 107
564 875
630 607
75 89
551 561
379 401
679 647
757 771
581 717
614 369
692 875
599 109
554 5
476 203
441 127
638 87
791 416
968 165
219 80
587 822
238 380
100 129
757 939
914 233
51 4
483 446
83 318
841 117
997 344
179 522
300 803
108 601
611 334
250 18
908 716
131 793
697 348
123 208
637 156
980 816
708 482
506 647
714 657
657 41
680 55
223 594
415 265
157 146
842 766
160 955
192 996
716 36
669 32
375 970
779 310
653 661
817 984
141 0
105 514
60 724
933 674
906 878
931 528
900 397
26 684
613 197
286 8
520 448
179 901
335 815
33 560
990 721
365 836
639 260
522 562
616 563
478 541
922 62
850 806
851 805
369 124
417 596
678 170
230 507
315 860
300 698
516 336
141 845
295 128
247 974
908 8
192 324
84 335
200 490
365 176
976 611
407 95
326 767
794 307
691 732
59 69
845 356
710 708
947 24
100 4
701 911
174 766
802 533
281 347
648 951
278 335
452 580
906 930
683 418
240 353
147 54
658 482
935 545
456 140
786 148
849 598
936 603
69 583
790 713
633 841
236 780
347 574
937 62
803 116
370 765
346 479
590 84
581 680
979 125
461 306
700 165
725 977
746 680
743 454
334 151
714 425
191 50
522 764
677 671
902 348
884 742
217 362
199 201
575 199
890 12
806 443
244 652
794 425
745 227
309 64
245 69
15 827
838 894
410 711
819 167
414 73
132 955
318 579
935 186
248 80
618 617
32 889
643 555
533 973
245 633
279 833
113 872
239 511
645 623
170 730
987 568
814 273
560 105
513 488
772 723
529 788
683 737
487 201
994 730
769 633
125 205
48 440
347 170
375 375
99 596
280 756
108 397
562 507
690 815
592 480
526 24
31 319
857 994
899 581
416 617
771 600
967 228
598 498
420 70
701 157
316 781
476 679
590 110
200 598
100 4
394 618
217 838
996 524
730 72
845 926
358 196
913 313
564 250
517 528
198 62
456 80
865 18
579 775
557 822
171 417
524 943
231 479
313 281
487 241
788 819
30 942
752 645
318 533
255 739
328 669
887 408
23 95
424 266
546 873
322 439
517 171
915 853
935 523
500 947
489 81
295 368
971 91
710 718
906 482
991 694
30 813
529 474
378 405
289 686
438 775
936 786
448 27
734 618
956 594
38 954
437 464
180 796
214 757
646 375
1 249
249 736
551 658
178 457
317 719
914 580
598 127
158 318
286 523
673 867
299 986
71 20
35 811
884 816
478 30
142 22
855 171
316 324
138 883
713 571
319 718
491 5
42 831
780 413
167 284
767 53
628 607
785 494
360 104
796 655
928 313
407 25
647 696
20 278
614 281
757 327
483 747
104 912
829 33
170 521
315 554
761 833
488 780
793 215
23 806
761 886
450 639
685 588
302 480
277 843
100 5
44 541
67 245
153 621
90 688
543 754
334 959
94 14
571 852
687 270
759 793
213 785
582 626
84 792
728 302
930 857
820 921
49 15
145 912
798 101
636 472
686 618
397 868
222 381
695 65
489 97
911 274
689 322
874 20
61 552
83 750
563 638
446 524
344 977
348 548
430 583
951 904
183 515
303 955
295 170
106 727
947 834
672 131
647 967
440 138
277 155
299 231
787 161
823 42
974 706
152 904
814 269
325 105
861 312
97 132
545 644
51 444
92 199
15 54
148 232
914 887
23 431
180 806
104 471
219 782
117 119
958 760
198 377
480 704
650 626
856 80
376 716
681 81
210 972
194 205
682 803
429 114
651 34
253 495
3 50
125 268
228 89
520 67
171 487
753 181
909 792
36 69
529 967
894 73
493 915
936 216
990 279
241 639
232 178
78 442
526 566
643 766
589 564
641 525
147 223
192 82
990 871
469 925
186 725
164 145
368 262
100 5
170 443
929 91
223 665
37 51
4 487
741 684
366 548
4 384
480 694
108 575
100 730
330 251
637 960
382 554
537 306
286 700
655 629
450 148
96 113
67 714
218 463
343 543
695 166
926 996
862 143
272 7
181 200
302 175
719 913
739 456
215 65
298 58
713 614
397 301
41 558
999 793
297 404
278 652
826 890
785 194
730 837
653 594
40 263
847 154
121 425
463 539
399 987
828 845
916 177
378 240
835 694
583 748
740 787
841 332
259 19
82 69
890 207
613 659
945 683
445 158
115 645
210 977
729 528
696 505
418 976
101 275
46 333
441 558
127 325
36 826
282 825
230 41
634 755
193 63
706 245
28 438
556 586
782 911
242 957
109 506
749 0
613 20
145 438
169 943
823 710
299 608
115 641
14 374
409 504
239 780
749 140
968 736
679 508
567 261
955 271
696 827
729 253
905 702
29 794
657 66
158 917
802 118
510 461
960 432
823 863
100 5
550 12
231 104
360 178
911 293
924 549
261 742
773 136
222 908
598 434
355 618
311 150
562 303
993 560
897 436
480 922
248 867
680 664
913 130
154 239
588 592
952 660
161 80
327 161
900 48
623 794
277 770
431 942
186 626
113 878
732 779
569 248
514 892
960 949
236 471
110 611
798 664
438 444
930 489
234 352
216 17
784 105
736 67
642 541
894 689
382 278
151 299
357 475
992 142
182 682
183 117
992 106
549 142
322 907
567 161
809 2
882 871
817 198
561 337
796 634
679 37
722 467
248 1
743 630
598 758
196 362
46 132
983 669
758 924
230 602
622 974
373 329
478 146
561 884
812 264
652 605
98 310
465 886
678 37
506 149
333 643
456 306
639 413
379 747
737 6
732 760
967 157
387 815
23 253
768 138
747 751
90 24
442 54
634 594
680 958
12 462
779 55
612 805
154 967
903 376
915 543
292 469
652 601
957 713
550 546
381 173
100 5
75 469
269 818
573 676
857 442
227 358
762 948
946 86
33 593
847 169
462 335
597 337
724 158
655 935
912 208
844 666
112 888
430 197
370 91
50 843
238 932
256 496
199 570
237 74
286 928
841 254
200 248
193 119
204 796
975 941
967 289
53 857
62 83
397 399
773 325
763 430
156 40
87 88
23 388
476 887
974 910
998 60
358 517
548 772
447 512
650 29
512 495
291 821
893 735
466 470
223 664
855 202
749 991
952 517
659 764
564 652
440 903
829 880
238 405
554 293
843 248
713 735
471 489
526 895
638 235
80 933
404 226
492 906
189 563
81 792
465 205
260 364
689 432
647 391
853 774
314 165
176 97
207 829
382 203
88 135
570 394
220 706
711 181
477 998
264 727
824 107
981 881
437 957
682 717
590 250
516 819
860 209
308 477
357 428
102 239
446 41
166 794
476 180
752 905
937 891
63 48
731 698
235 740
87 38
572 547
144 267
100 5
204 61
75 364
741 237
636 536
65 659
360 164
395 948
863 198
837 163
121 803
313 365
359 857
712 48
305 708
338 150
812 657
308 614
825 204
826 882
53 262
721 758
685 648
270 249
735 764
157 267
317 160
753 837
629 525
949 312
969 91
987 770
288 605
241 890
420 931
242 801
629 881
121 260
336 116
590 603
295 929
349 728
249 429
159 69
166 986
299 173
408 974
787 213
662 407
6 450
340 686
372 300
993 618
621 165
32 669
637 55
763 147
757 955
877 711
501 898
664 997
580 117
471 876
160 53
875 903
532 725
896 950
823 482
835 53
635 151
219 460
923 721
242 683
528 684
337 811
745 902
974 436
663 497
735 845
241 779
558 651
567 152
35 75
670 108
878 162
222 140
146 541
568 592
73 687
574 908
341 42
66 337
933 706
335 617
815 859
762 725
505 489
654 805
525 350
660 757
530 136
756 508
733 19
965 878
180 424
684 848
100 10
610 748
881 20
342 533
144 968
240 133
457 336
748 158
355 704
616 85
628 757
411 785
545 772
704 380
334 801
470 103
528 75
731 121
192 573
392 52
859 871
40 259
26 334
460 292
9 745
966 271
467 523
365 936
871 913
857 325
188 46
290 877
197 970
874 190
263 441
60 360
50 611
754 426
265 398
970 627
782 363
228 813
857 278
823 909
614 124
800 503
583 388
679 423
694 376
18 444
119 930
392 548
665 901
105 284
314 943
959 170
951 708
268 624
58 127
471 411
313 354
957 440
829 30
29 684
187 289
396 992
284 634
280 882
45 639
628 6
600 434
386 651
302 281
997 423
640 987
938 975
722 178
975 498
525 278
521 86
717 5
276 749
996 397
730 429
442 692
154 533
735 460
833 398
222 591
914 9
123 270
41 736
420 955
922 877
306 624
448 112
697 492
409 6
12 256
306 997
65 706
435 485
733 821
849 449
809 884
63 477
425 916
586 650
84 647
929 693
783 369
100 10
216 764
90 14
801 438
469 809
438 904
648 773
769 411
504 449
218 599
935 812
657 942
999 792
203 701
823 273
586 850
943 30
297 409
396 171
547 244
290 505
209 527
232 968
526 835
540 669
597 485
764 425
541 815
118 25
750 440
453 261
197 582
906 866
439 196
533 801
935 732
164 282
61 812
391 487
662 227
563 870
747 279
338 105
333 269
0 777
194 811
934 270
230 168
696 596
237 789
195 435
680 555
87 436
244 113
769 558
696 423
83 946
575 311
418 630
234 154
461 388
548 219
514 31
117 599
452 908
122 966
640 55
13 952
595 845
837 898
683 260
578 980
27 434
799 31
484 311
735 576
26 66
932 368
27 319
936 621
242 101
187 173
255 517
474 382
718 990
156 60
629 395
939 324
263 645
64 736
208 616
292 910
928 189
996 855
87 621
76 332
598 985
816 335
327 782
265 405
584 104
214 773
120 832
363 779
232 909
35 181
934 733
957 301
915 101
985 281
363 523
100 10
462 882
192 139
116 101
6 197
988 920
850 762
812 968
997 750
743 470
900 246
446 179
763 684
433 587
69 116
385 407
903 102
421 763
534 942
589 258
67 520
781 131
914 736
735 169
787 126
964 703
869 993
185 26
942 119
111 396
165 22
936 512
19 813
208 530
439 65
450 614
6 13
115 102
653 208
343 411
448 455
490 770
510 866
159 136
767 985
62 444
543 638
8 336
342 497
480 617
673 693
514 335
307 411
524 434
102 462
640 632
674 330
754 410
712 959
850 881
163 148
598 596
614 127
241 240
394 602
804 32
635 727
373 668
95 832
823 270
638 944
97 184
884 888
649 778
583 255
7 1
336 578
265 688
158 222
675 363
637 477
11 238
216 550
16 133
307 941
1 981
328 885
760 329
956 19
180 168
67 899
617 665
38 298
744 481
692 98
718 2
43 691
591 143
397 17
930 616
549 653
615 145
656 160
684 45
787 405
876 927
890 360
148 485
875 601
732 225
791 243
100 10
474 974
875 803
155 66
455 933
662 866
96 688
88 999
563 111
553 732
700 841
731 251
944 619
382 489
361 650
257 156
203 223
793 555
82 369
286 21
789 96
657 976
604 963
82 800
920 116
856 906
236 634
878 103
772 979
161 339
139 382
575 818
523 46
736 156
494 791
990 788
589 13
10 94
917 201
936 247
486 897
406 841
560 406
483 241
85 914
364 477
76 871
56 755
227 81
946 424
738 641
962 853
719 220
557 338
759 104
186 706
731 328
995 829
29 234
4 252
164 949
538 915
221 734
981 462
806 848
23 463
578 313
263 216
535 481
218 749
312 163
678 284
899 388
241 3
299 597
936 937
150 114
10 162
165 817
699 835
416 188
513 963
862 415
814 790
78 68
509 88
867 835
659 980
577 958
963 643
127 151
977 581
322 848
644 98
913 571
636 22
266 945
653 500
609 859
468 129
680 908
110 357
780 274
920 644
648 596
230 347
765 260
74 945
723 742
660 5
228 766
100 10
638 25
824 632
944 224
679 18
660 235
330 622
297 922
283 455
388 800
284 338
847 976
281 705
9 51
480 303
784 386
106 592
870 653
13 361
172 553
16 274
896 883
162 842
662 330
528 30
141 46
910 708
925 945
397 367
412 132
961 184
670 302
77 327
41 724
562 61
518 985
760 564
405 769
820 964
685 241
916 336
925 273
670 602
689 806
507 765
334 308
231 200
813 385
495 196
625 234
88 49
654 278
904 386
840 355
96 239
606 925
245 507
315 609
863 628
600 441
918 669
995 17
143 374
684 856
695 339
287 605
876 207
150 431
793 170
51 820
915 612
270 183
672 800
935 729
612 969
728 351
283 518
857 795
448 544
431 794
731 163
405 148
33 875
625 288
799 587
202 404
696 651
461 266
944 168
853 657
629 558
93 69
942 720
914 392
195 278
423 374
356 497
811 680
639 714
657 860
293 534
879 313
865 603
88 722
720 959
636 53
548 811
208 653
144 73
921 953
278 477
100 50
28 264
644 191
924 486
105 735
312 444
96 131
696 97
511 940
713 842
358 993
235 470
294 352
345 841
766 672
697 686
531 995
361 622
690 715
478 583
974 398
117 598
531 536
176 951
933 632
663 25
181 829
512 46
219 961
567 782
412 120
719 460
398 560
709 834
957 850
515 205
102 771
25 154
316 242
465 472
356 321
467 563
695 208
325 491
588 454
96 677
175 450
546 276
987 493
703 677
294 700
632 975
762 425
943 763
705 978
987 264
993 120
545 746
805 618
569 177
40 997
870 909
832 490
994 163
310 65
547 14
928 516
723 437
724 153
244 351
410 344
414 252
248 873
179 993
380 253
143 895
554 738
18 956
852 319
900 734
325 188
949 539
471 552
269 758
625 548
489 377
941 927
910 748
694 336
688 834
844 525
580 912
814 218
377 200
349 448
12 492
872 855
479 698
439 826
347 229
845 626
811 59
218 55
576 765
336 789
729 981
147 858
947 439
277 777
568 937
146 287
656 595
284 301
535 263
155 183
578 461
716 719
493 520
920 748
614 21
37 671
851 556
25 396
260 747
347 762
302 711
444 423
567 511
90 129
940 592
206 674
474 274
558 862
370 533
565 538
143 849
668 915
542 598
246 64
98 371
147 807
282 83
43 156
549 312
315 701
103 954
740 378
985 724
508 697
826 169
50 992
100 50
588 816
151 854
548 773
459 708
287 959
224 419
164 47
141 451
710 399
407 350
95 696
229 779
585 911
712 947
321 271
438 118
434 841
704 199
770 182
509 964
838 688
633 422
389 239
67 704
851 350
408 400
453 713
727 768
423 867
651 329
225 585
309 524
766 660
144 481
986 254
928 123
421 573
615 975
889 409
785 6
13 480
890 636
297 385
879 369
399 260
871 20
410 848
978 226
197 554
977 893
589 41
937 990
502 453
794 918
545 303
376 781
284 748
892 22
523 88
108 570
482 24
29 538
241 994
659 654
700 563
559 524
832 316
110 812
988 813
332 877
310 156
88 897
937 526
768 974
159 852
32 756
282 983
502 697
161 343
800 951
530 122
964 884
40 504
525 351
686 672
818 417
72 34
845 13
828 754
216 355
138 735
310 718
748 675
721 109
939 497
462 91
850 874
375 451
982 386
693 452
478 782
322 692
441 709
924 645
938 41
696 589
271 79
307 395
40 650
586 2
824 67
865 981
166 618
712 607
946 54
163 824
23 552
990 953
915 874
255 864
959 370
108 603
497 597
198 838
619 938
985 459
630 703
332 892
671 907
889 558
196 893
993 723
844 897
513 672
662 217
243 982
531 736
239 456
96 209
866 791
868 795
465 780
591 871
797 184
368 285
294 407
493 752
544 654
85 539
972 292
100 50
42 49
183 746
444 288
565 120
245 878
691 936
865 13
806 283
601 290
150 11
20 451
146 64
25 119
974 519
928 969
457 194
5 576
256 716
738 131
645 986
4 239
540 338
168 715
167 624
863 266
197 459
850 471
473 368
761 764
354 663
150 302
314 639
671 182
39 832
51 680
580 923
502 31
744 151
363 873
850 56
415 434
173 878
709 119
370 18
646 572
11 783
297 329
883 957
453 129
156 265
656 118
499 985
114 85
428 254
466 916
945 925
14 857
29 986
873 53
220 469
912 576
503 114
905 188
290 937
341 661
477 454
769 26
661 54
910 313
83 187
156 889
162 671
282 789
351 871
759 93
963 281
86 181
311 970
447 355
279 855
173 173
741 303
50 882
557 965
421 237
304 167
211 902
270 679
269 727
676 624
420 917
140 26
330 452
817 136
298 517
804 854
262 103
227 788
891 766
174 748
610 810
232 937
439 984
377 654
676 120
290 931
584 628
219 608
699 115
311 613
631 959
86 286
404 3
819 784
170 667
177 642
182 304
384 975
917 142
219 464
993 156
116 697
767 399
217 42
30 800
281 48
650 254
578 900
321 695
719 956
38 553
469 419
326 315
149 705
161 550
38 949
990 72
35 244
307 973
10 179
731 874
33 875
627 401
764 980
238 619
295 484
343 390
660 522
502 910
891 651
100 50
418 316
933 888
872 381
992 904
474 366
796 34
398 23
721 313
547 826
913 804
23 18
627 55
754 356
204 727
534 562
860 950
379 45
438 151
699 492
438 967
31 564
819 847
38 770
613 681
303 63
487 991
516 353
680 322
488 120
168 590
582 963
503 368
993 406
369 69
529 526
852 632
475 465
496 788
105 232
406 910
643 138
568 892
906 844
600 54
275 946
956 784
590 856
520 383
341 675
110 809
94 316
296 446
33 58
517 774
867 521
841 400
823 196
653 722
649 958
726 298
851 970
487 22
505 985
866 59
710 5
596 134
165 735
58 16
296 763
297 940
445 695
761 629
45 501
351 77
398 976
32 833
184 135
16 665
85 739
621 175
74 940
594 803
920 805
9 596
522 138
456 572
63 561
183 233
575 737
580 244
387 798
312 833
666 351
307 372
472 759
359 393
506 216
366 213
883 987
735 421
798 744
455 321
358 584
263 964
335 937
165 786
405 835
47 55
474 370
944 412
387 194
901 408
50 75
756 645
687 854
625 14
499 810
0 740
705 914
410 603
796 846
565 712
110 463
434 413
271 615
332 133
440 83
660 870
559 489
817 949
708 810
933 872
431 288
717 124
847 29
65 698
465 187
433 487
278 654
228 92
653 333
797 62
15 431
208 20
893 484
20 628
530 179
267 398
116 450
662 390
100 50
55 372
88 482
574 137
486 161
215 498
812 65
353 523
216 75
392 922
935 364
792 494
717 514
414 681
56 322
975 177
184 462
484 4
827 660
682 980
696 304
542 858
147 105
204 474
253 158
861 868
904 831
105 865
741 652
32 510
552 792
439 582
639 131
758 437
104 75
279 114
770 844
304 498
76 699
362 313
552 67
125 445
291 478
426 172
650 673
917 920
941 526
961 596
74 938
623 23
544 761
289 4
261 709
687 995
537 78
10 718
290 677
480 824
202 779
281 602
870 726
320 860
739 36
317 641
151 760
940 294
549 402
106 822
345 454
594 109
521 665
795 738
400 433
607 176
359 650
913 546
968 938
784 428
433 655
614 533
663 140
756 903
104 137
258 34
412 89
638 872
971 25
460 789
769 868
741 9
704 415
125 589
217 32
579 256
413 140
833 806
175 872
266 171
738 142
818 210
243 842
133 505
526 68
511 492
982 390
188 917
701 277
651 73
420 584
578 131
130 819
540 284
417 21
807 897
89 401
18 6
247 614
616 85
436 146
91 161
269 590
610 198
67 745
249 956
470 402
471 275
831 226
626 571
26 799
524 843
192 664
530 909
269 482
515 631
335 417
207 777
261 521
727 218
396 555
294 389
300 809
759 667
955 886
583 983
931 752
607 627
840 690
64 176
482 175
55 762
314 321
100 100
376 192
191 948
184 224
486 906
223 887
176 472
936 246
332 945
291 130
91 18
770 896
212 622
367 407
870 711
434 29
178 566
787 536
595 333
789 422
848 650
226 802
290 93
813 959
285 158
37 650
696 942
867 191
202 33
275 7
136 986
306 104
828 29
317 593
584 509
529 48
525 582
319 867
437 360
756 924
790 518
34 811
401 599
220 773
979 781
113 162
14 34
522 644
414 269
258 719
10 970
354 709
612 34
622 79
688 497
707 620
610 59
662 721
576 649
561 791
410 825
569 39
3 587
457 360
610 725
128 815
868 856
68 748
833 855
203 207
771 602
522 700
682 47
862 852
441 713
177 877
395 332
953 938
616 850
646 880
126 217
31 49
865 737
174 724
660 869
708 201
455 930
987 325
505 974
591 150
56 551
808 82
620 461
750 183
718 10
875 731
981 103
478 283
787 72
790 953
173 49
751 928
691 345
75 704
306 383
261 831
55 419
411 382
497 51
440 465
35 774
838 598
727 968
496 826
943 699
759 78
438 930
701 267
532 424
963 434
378 900
936 201
569 336
815 948
782 485
689 715
908 733
861 289
174 476
567 561
762 355
509 908
564 840
772 906
376 884
74 962
310 924
30 931
297 909
15 742
159 10
195 70
760 180
997 107
360 844
190 265
471 343
807 759
505 335
406 888
384 138
555 199
102 97
909 71
621 991
546 775
215 277
180 147
391 661
823 224
502 420
94 777
115 231
632 903
263 92
869 903
422 954
684 284
272 928
767 21
999 902
978 889
367 816
730 874
44 387
877 394
205 349
974 128
73 136
385 178
633 456
108 850
28 729
545 534
686 418
940 137
978 208
334 428
782 753
49 859
875 567
599 827
238 636
657 719
67 991
75 20
966 852
407 404
103 342
473 580
688 549
100 100
272 428
674 318
708 448
203 79
36 397
413 743
75 437
690 442
82 152
551 994
438 539
555 263
174 80
519 981
596 998
125 10
968 623
972 393
294 115
657 727
543 55
15 222
170 201
664 522
106 139
809 398
39 216
131 661
535 707
906 311
569 798
807 684
216 629
288 680
817 437
699 543
103 334
389 709
940 369
441 527
104 238
457 935
369 965
601 542
42 680
288 889
386 936
969 645
818 268
955 814
206 752
790 378
242 516
511 344
129 485
13 690
223 462
734 447
704 436
166 984
286 197
422 521
208 102
932 989
209 146
923 968
161 179
319 382
171 509
106 868
600 688
439 514
814 189
821 662
83 752
940 126
929 789
69 927
984 658
713 257
695 971
821 736
161 678
173 604
120 669
975 539
781 426
699 7
393 51
406 227
829 638
799 91
86 893
905 718
483 826
707 769
805 695
913 264
804 171
697 16
403 749
37 479
811 543
769 382
173 124
528 542
331 223
958 446
466 64
487 990
269 840
649 502
2 335
23 352
57 995
885 489
537 489
253 913
191 810
332 301
616 923
88 770
544 502
624 488
755 42
593 465
232 971
538 968
153 838
872 177
309 94
648 512
58 442
615 464
524 245
284 596
893 531
556 96
259 739
188 946
22 910
514 903
252 587
465 281
643 637
427 914
585 35
893 339
887 62
54 698
870 848
929 282
506 702
711 549
342 429
140 613
386 166
456 282
214 823
87 843
300 615
517 488
727 440
661 238
833 113
911 386
841 685
711 847
503 611
51 655
634 720
515 576
423 820
196 205
729 827
444 197
222 794
735 79
930 416
488 931
179 710
900 782
416 613
670 616
298 995
741 151
973 479
470 30
591 498
253 296
695 550
734 927
370 39
751 435
757 708
182 419
262 729
741 123
556 350
250 418
100 100
446 670
389 363
454 63
420 622
125 98
86 551
541 204
976 687
616 799
533 484
441 280
657 420
514 669
509 862
853 212
106 824
465 293
744 134
23 619
891 35
461 658
655 547
274 522
250 154
894 262
961 139
210 23
463 488
712 632
735 533
554 351
178 676
584 73
142 584
438 455
11 206
614 167
175 380
517 787
498 23
675 717
136 600
948 126
409 275
65 60
102 585
292 483
102 666
189 160
401 738
549 230
637 832
157 64
954 597
226 31
822 503
754 996
194 119
839 974
899 979
115 951
876 624
413 123
710 861
472 903
693 761
955 286
856 204
955 739
483 857
333 796
742 4
880 137
137 149
944 161
624 470
612 623
267 600
144 114
73 726
686 15
282 217
916 752
782 180
942 678
104 22
877 707
199 426
521 736
352 423
33 732
648 37
138 543
421 284
8 245
945 112
270 85
182 360
121 806
535 439
972 143
64 226
130 297
64 123
233 814
574 506
334 897
371 616
803 909
226 881
110 887
724 962
61 314
856 0
718 583
721 269
12 652
663 616
127 295
417 956
305 853
357 546
471 231
602 820
369 106
630 80
679 508
46 398
893 537
823 738
718 416
523 85
91 416
181 992
20 190
697 231
516 461
940 734
629 636
767 188
898 517
232 609
378 625
522 350
717 585
818 703
902 920
842 517
558 826
143 146
559 731
461 957
944 590
390 637
819 459
731 148
418 297
259 724
386 650
426 298
683 140
108 156
906 532
755 800
969 296
227 1
397 437
323 366
186 906
607 797
881 720
473 93
134 630
234 346
541 935
849 986
689 895
861 785
496 786
785 922
124 183
651 495
843 459
66 483
760 807
381 560
586 149
869 191
280 828
420 943
310 514
172 376
653 475
759 15
652 251
321 733
787 556
63 270
260 58
839 456
100 100
219 469
576 55
841 359
241 691
300 244
778 917
388 490
875 161
120 659
102 709
849 45
840 839
913 627
127 200
248 95
284 496
98 886
469 483
220 701
154 158
562 190
940 625
340 739
881 909
76 349
603 923
296 638
830 7
958 735
608 611
235 894
100 969
853 718
934 709
940 174
98 175
181 429
927 546
222 55
491 224
747 472
80 899
226 980
369 824
755 738
224 223
289 832
172 590
746 354
466 56
375 25
565 526
329 479
737 986
643 183
0 269
350 287
95 858
37 61
980 186
754 961
124 687
546 451
395 875
990 778
568 504
564 604
487 178
400 537
400 268
585 61
523 170
93 358
679 676
356 886
191 94
790 769
317 911
505 147
672 947
659 231
467 415
506 934
948 561
120 48
626 21
898 420
813 45
442 946
226 8
631 260
828 700
455 208
327 946
738 822
281 525
750 25
330 47
672 511
927 915
258 575
933 756
13 431
184 984
279 287
173 667
295 789
977 579
904 94
823 323
38 112
310 135
71 532
294 391
522 62
684 929
904 470
903 794
648 751
730 762
0 956
259 232
259 644
468 396
277 152
606 487
150 517
263 248
866 413
372 850
978 622
514 280
538 763
762 824
795 756
166 480
792 650
111 773
42 193
342 85
264 840
302 124
725 867
151 512
593 30
624 494
308 21
159 54
70 892
277 449
57 23
158 681
366 423
689 655
190 658
742 117
557 153
139 618
744 166
242 873
761 8
482 403
734 939
604 553
373 132
287 857
119 705
148 104
129 136
722 103
51 676
423 123
518 830
215 150
368 148
239 726
72 30
684 914
930 794
758 749
501 482
908 520
267 225
158 633
863 754
792 106
222 919
187 275
478 195
632 622
562 270
483 534
874 370
31 169
305 881
251 895
197 860
150 386
983 320
9 861
100 100
264 897
756 898
718 290
398 894
665 810
800 302
699 796
389 688
140 323
492 340
663 845
681 816
665 654
794 579
512 735
737 131
690 550
722 696
846 602
117 129
883 909
50 37
802 386
478 774
733 263
926 992
704 967
453 85
877 384
216 491
676 949
391 43
973 464
982 277
158 425
237 418
180 207
553 409
184 541
123 341
166 179
732 109
180 921
808 634
469 290
890 153
157 277
103 782
954 575
751 355
630 483
726 129
676 454
566 55
107 77
12 882
332 45
335 267
748 766
968 688
514 351
912 202
92 700
874 332
469 346
860 108
170 332
766 843
434 738
229 799
239 364
963 363
209 869
311 957
38 321
301 262
746 195
508 701
791 520
167 895
279 945
358 771
776 936
815 913
538 464
169 684
463 338
184 296
592 322
164 884
168 717
755 541
450 985
627 386
820 287
304 814
382 634
924 70
461 59
232 319
661 25
613 143
773 469
280 691
789 284
578 190
283 217
614 680
43 942
818 644
480 611
550 403
137 894
604 759
253 594
224 207
321 657
124 641
951 138
653 845
92 931
116 781
768 781
817 811
353 568
752 555
626 510
198 3
875 575
667 389
339 317
277 284
445 377
976 596
784 72
119 230
16 179
546 998
491 743
156 895
274 126
22 483
846 415
268 564
847 557
502 909
913 556
348 160
240 187
16 635
889 857
197 232
15 106
12 87
205 413
414 338
697 904
403 917
23 216
459 452
908 406
714 247
998 471
405 321
569 83
673 419
482 177
778 879
409 897
198 83
130 413
786 260
641 644
264 410
538 485
358 616
956 712
84 175
362 811
11 57
699 17
996 597
80 993
522 35
707 326
877 625
306 898
315 34
22 380
137 800
860 563
102 928
539 236
426 377
641 599
287 426
248 373
144 658
655 911
770 584
26 24
475 534
81 430
58 133
395 31
947 180
953 787
535 970
92 959
75 517
546 299
29 606
177 979
662 971
801 697
990 656
948 32
47 43
49 564
640 528
622 239
843 327
818 540
810 220
378 245
721 423
550 539
96 169
672 281
927 637
437 947
193 912
144 615
361 463
699 558
924 275
760 141
387 169
151 346
403 677
653 754
820 852
759 443
507 445
261 238
346 58
583 104
143 754
522 900
576 582
731 362
0 0
