100 100
85 128
133 12
119 66
113 31
99 68
86 89
131 30
123 38
60 86
131 114
35 15
78 114
33 90
89 65
106 15
134 124
0 42
6 80
26 126
125 76
38 13
52 19
32 116
127 25
14 23
102 22
22 39
130 3
127 113
69 2
85 46
97 60
25 125
55 1
57 69
52 130
36 60
123 52
72 3
97 49
56 32
87 35
22 127
120 108
76 122
17 31
59 107
16 6
107 67
59 11
128 37
39 137
10 24
7 58
90 44
124 87
121 7
50 49
39 129
10 128
110 99
0 111
8 75
35 72
128 26
21 57
136 47
126 108
107 93
137 86
135 53
48 96
2 98
114 93
4 22
120 138
49 94
1 68
83 123
112 109
25 36
95 132
109 104
8 6
12 16
80 37
13 87
20 137
136 81
104 23
14 1
88 95
63 138
61 133
135 69
80 44
15 38
100 10
11 129
117 132
132 113
17 115
77 58
134 78
75 11
26 101
65 8
60 47
9 70
137 74
102 131
91 12
27 112
47 27
55 10
75 106
108 64
20 2
115 5
43 4
1 116
44 136
36 61
67 63
132 90
51 117
7 59
122 9
9 43
21 28
57 139
133 126
56 78
93 134
122 62
115 136
29 61
70 71
3 106
27 32
119 7
11 4
99 131
29 133
74 19
139 118
92 0
3 84
117 117
105 17
48 33
129 43
109 81
19 66
83 98
106 65
82 26
100 85
124 92
71 20
13 134
18 101
12 41
51 112
73 124
129 104
77 111
138 77
33 110
4 115
2 88
31 53
82 85
64 24
74 91
126 36
16 94
93 0
58 46
49 50
114 9
37 45
32 109
46 35
65 27
68 33
118 52
69 139
44 130
72 64
105 59
118 48
103 123
6 127
139 122
86 107
88 99
40 96
103 8
31 83
100 100
70 71
19 66
8 75
89 65
109 104
135 53
77 58
85 128
21 57
22 127
1 68
128 37
119 66
113 31
29 61
92 0
51 112
127 113
1 116
102 131
80 37
129 43
131 114
83 98
50 49
48 33
46 35
137 86
44 136
56 78
118 48
91 12
133 126
110 99
22 39
55 10
39 129
77 111
138 77
0 111
124 92
12 16
20 2
112 109
73 124
132 90
63 138
60 47
129 104
68 33
6 127
118 52
25 36
9 43
114 93
105 59
57 69
108 64
117 117
109 81
61 133
132 113
52 19
33 90
117 132
76 122
59 107
78 114
2 88
36 61
128 26
136 81
133 12
74 91
82 26
17 115
83 123
137 74
64 24
16 6
3 84
104 23
38 13
102 22
7 59
6 80
51 117
13 87
100 85
125 76
32 109
31 83
97 49
35 15
93 0
59 11
75 106
121 7
52 130
75 11
26 101
18 101
13 134
86 107
95 132
67 63
122 62
26 126
72 64
106 15
126 36
7 58
85 46
134 78
115 5
12 41
65 8
69 139
130 3
71 20
31 53
139 122
48 96
10 128
55 1
32 116
103 8
44 130
103 123
93 134
135 69
33 110
107 67
90 44
131 30
27 112
72 3
69 2
43 4
134 124
0 42
49 50
47 27
11 129
4 115
87 35
120 108
139 118
56 32
9 70
14 23
119 7
114 9
21 28
88 95
80 44
14 1
27 32
57 139
20 137
49 94
40 96
88 99
115 136
10 24
126 108
2 98
82 85
105 17
35 72
65 27
11 4
86 89
100 10
99 131
15 38
60 86
120 138
123 38
39 137
74 19
107 93
29 133
16 94
37 45
106 65
127 25
122 9
124 87
3 106
8 6
58 46
17 31
36 60
97 60
4 22
136 47
25 125
123 52
99 68
100 100
1 68
82 85
35 15
69 139
130 3
127 113
9 43
129 43
17 31
135 69
109 104
72 64
133 12
21 57
59 11
64 24
19 66
44 130
126 108
106 15
3 84
25 36
59 107
110 99
6 127
7 58
29 61
85 128
104 23
128 37
67 63
139 118
13 134
22 127
99 131
4 115
51 112
83 98
74 19
122 9
107 93
29 133
105 59
109 81
7 59
32 116
18 101
107 67
102 131
25 125
65 27
49 50
115 136
127 25
80 37
76 122
51 117
52 19
123 52
71 20
117 132
31 83
52 130
78 114
16 6
132 113
70 71
102 22
3 106
75 11
38 13
61 133
119 7
12 41
35 72
20 2
105 17
14 23
113 31
10 128
134 78
36 61
11 129
125 76
75 106
55 10
33 110
92 0
33 90
15 38
2 98
89 65
0 42
137 74
86 89
138 77
8 75
121 7
106 65
60 47
50 49
12 16
11 4
48 96
128 26
124 92
119 66
4 22
16 94
55 1
126 36
26 126
72 3
83 123
39 129
137 86
2 88
68 33
99 68
100 10
47 27
136 47
93 0
77 58
10 24
36 60
9 70
134 124
91 12
56 78
57 139
90 44
31 53
32 109
21 28
88 95
40 96
65 8
27 32
37 45
124 87
13 87
87 35
17 115
112 109
133 126
123 38
88 99
115 5
85 46
14 1
97 60
129 104
93 134
44 136
73 124
56 32
6 80
131 30
1 116
22 39
132 90
117 117
135 53
120 138
63 138
26 101
8 6
57 69
43 4
103 123
39 137
114 93
49 94
114 9
118 48
100 85
27 112
122 62
58 46
97 49
82 26
136 81
80 44
48 33
77 111
20 137
103 8
108 64
60 86
118 52
86 107
46 35
69 2
0 111
95 132
131 114
120 108
139 122
74 91
100 100
97 60
105 17
135 69
134 124
7 58
100 85
89 65
90 44
10 24
50 49
99 68
125 76
135 53
91 12
4 22
26 126
36 61
103 123
3 106
117 117
15 38
14 1
74 19
2 88
18 101
129 104
85 128
27 32
114 93
43 4
56 78
13 87
16 6
123 52
139 122
9 70
44 130
60 86
51 112
21 28
70 71
80 44
104 23
133 12
117 132
126 36
133 126
120 108
106 65
105 59
138 77
72 3
106 15
40 96
63 138
13 134
61 133
132 113
29 133
97 49
131 30
12 41
48 33
128 37
136 47
68 33
22 127
32 109
139 118
78 114
17 115
86 107
77 58
132 90
80 37
75 11
52 19
118 48
107 67
51 117
3 84
11 129
127 113
59 11
1 68
113 31
118 52
114 9
95 132
52 130
119 7
130 3
120 138
83 123
137 86
85 46
7 59
131 114
31 53
1 116
75 106
128 26
55 10
37 45
59 107
124 87
29 61
49 50
123 38
44 136
39 129
27 112
124 92
35 15
25 36
136 81
17 31
10 128
108 64
76 122
0 42
8 6
71 20
31 83
88 95
39 137
8 75
109 81
20 2
122 62
20 137
49 94
122 9
87 35
103 8
92 0
33 110
33 90
99 131
127 25
35 72
110 99
19 66
38 13
16 94
82 26
46 35
83 98
9 43
119 66
56 32
65 27
0 111
82 85
25 125
57 139
77 111
4 115
60 47
134 78
115 5
48 96
6 80
73 124
93 134
88 99
112 109
100 10
55 1
102 22
109 104
64 24
126 108
102 131
57 69
26 101
129 43
93 0
115 136
107 93
137 74
36 60
86 89
14 23
65 8
32 116
11 4
69 139
47 27
74 91
21 57
22 39
6 127
58 46
67 63
69 2
121 7
72 64
2 98
12 16
100 100
134 124
97 60
129 104
31 83
108 64
105 59
64 24
60 47
4 22
133 126
16 94
6 80
71 20
106 15
21 57
55 1
120 138
68 33
113 31
3 84
0 42
123 38
22 127
63 138
103 123
138 77
43 4
6 127
126 108
93 0
46 35
103 8
136 47
102 131
109 81
105 17
31 53
49 94
117 132
131 30
35 15
125 76
65 8
29 133
128 26
44 130
122 9
72 64
33 90
86 107
61 133
132 113
55 10
93 134
139 118
83 123
12 16
57 139
1 68
87 35
114 9
8 6
137 74
58 46
12 41
77 111
122 62
88 99
104 23
26 101
67 63
102 22
75 11
82 85
13 87
133 12
16 6
69 139
86 89
50 49
9 70
20 137
7 58
11 129
38 13
57 69
85 46
60 86
33 110
65 27
97 49
49 50
0 111
48 96
39 137
80 44
2 98
56 78
120 108
32 109
27 32
135 53
119 66
39 129
40 96
27 112
132 90
100 10
7 59
99 68
114 93
107 93
99 131
69 2
73 124
74 19
17 31
2 88
90 44
89 65
22 39
11 4
15 38
4 115
78 114
77 58
51 112
72 3
107 67
36 60
59 11
124 87
10 128
109 104
76 122
92 0
29 61
19 66
134 78
115 136
37 45
48 33
17 115
118 48
121 7
131 114
10 24
129 43
32 116
123 52
75 106
95 132
18 101
139 122
124 92
20 2
115 5
118 52
83 98
130 3
52 130
14 1
1 116
59 107
119 7
14 23
110 99
127 113
74 91
3 106
85 128
35 72
8 75
56 32
25 36
112 109
127 25
91 12
70 71
135 69
126 36
36 61
80 37
136 81
21 28
100 85
26 126
52 19
128 37
88 95
106 65
9 43
117 117
137 86
13 134
44 136
47 27
51 117
82 26
25 125
100 3
746 894
845 278
797 914
941 121
895 529
276 891
784 715
735 974
101 958
42 723
805 179
106 756
784 526
671 488
512 744
224 398
468 734
658 295
474 746
887 901
566 61
629 5
846 624
183 415
530 850
913 362
404 940
756 505
83 91
106 221
265 949
948 518
764 637
376 404
680 310
697 137
869 543
986 951
932 547
890 826
728 666
755 292
263 646
498 508
832 801
983 911
200 594
756 286
125 871
643 213
987 537
610 358
165 914
174 90
195 349
98 775
627 708
278 436
130 236
619 36
386 749
272 941
538 403
847 491
646 608
377 866
960 621
873 596
117 63
80 970
703 165
528 948
272 152
500 561
92 490
821 743
601 471
641 597
488 187
269 97
254 810
774 14
852 691
851 806
804 492
766 636
668 739
240 699
12 378
637 998
121 170
175 189
489 408
154 700
271 999
624 740
67 122
550 441
198 468
295 371
633 960
147 996
316 516
100 3
790 586
426 230
498 966
653 614
740 207
248 207
213 157
817 633
40 433
285 688
470 253
941 397
369 742
402 187
751 497
556 45
329 961
279 522
472 756
437 741
541 105
759 549
679 719
624 957
477 176
940 967
989 868
533 559
15 558
841 809
711 104
565 315
56 426
267 548
989 967
626 648
24 759
79 332
366 364
268 765
822 133
826 908
9 326
899 866
845 953
4 228
264 498
884 977
306 690
357 922
552 397
681 136
394 799
722 147
842 78
272 129
299 847
43 557
682 112
138 584
178 261
470 31
399 526
993 644
139 133
721 63
622 668
115 736
979 163
786 399
26 310
24 180
764 825
363 791
841 663
650 321
415 721
871 982
974 480
551 633
622 45
146 57
440 813
831 445
761 580
198 622
603 489
729 163
858 16
997 318
84 71
473 505
555 173
552 22
995 276
547 178
773 674
853 682
871 474
42 690
0 942
904 140
652 752
100 3
209 740
294 145
534 479
100 150
545 719
783 728
208 997
741 509
465 263
831 779
576 392
333 831
209 483
464 545
710 137
289 662
790 531
667 779
273 159
39 182
562 338
901 59
424 881
163 730
115 728
662 635
661 265
17 267
101 985
545 863
834 339
670 36
463 734
70 14
147 637
454 278
671 62
138 752
357 607
80 21
815 72
931 348
319 48
506 419
851 462
235 99
507 378
60 8
324 566
183 550
240 283
709 934
167 506
498 587
880 819
909 594
680 481
498 588
606 723
474 846
0 365
343 434
404 788
638 694
67 189
165 590
836 173
187 919
257 922
606 59
96 882
369 345
465 727
226 280
960 145
873 344
957 256
818 882
651 230
366 674
922 24
140 412
512 876
97 555
81 596
756 179
134 579
325 760
471 467
160 893
914 39
190 410
214 527
29 590
31 146
850 265
731 864
653 545
674 327
157 896
341 18
670 426
560 812
100 3
728 327
209 7
814 118
779 543
647 463
447 514
15 302
533 436
153 228
438 966
257 520
865 218
596 389
760 39
957 415
948 946
6 829
629 321
507 271
905 623
636 270
424 509
210 31
755 470
191 981
265 935
999 673
355 409
368 988
893 666
180 939
951 53
828 286
182 259
98 610
540 823
573 625
824 622
565 609
242 215
88 78
793 693
78 852
765 564
514 530
542 533
976 244
269 599
182 547
104 903
867 346
508 606
85 162
589 946
560 936
123 241
809 963
677 354
857 868
520 619
318 370
400 513
119 690
682 992
171 441
566 969
637 794
855 788
465 778
60 650
436 147
462 792
779 792
206 450
337 86
202 923
702 111
851 688
334 650
229 241
590 34
839 869
949 244
998 266
339 31
388 980
431 158
303 780
964 908
491 283
139 206
692 380
369 69
900 585
609 193
719 506
921 861
945 859
606 223
165 974
879 238
834 117
588 14
100 3
962 50
331 432
292 662
271 717
414 323
41 554
526 819
43 567
177 505
703 846
349 871
212 258
490 41
331 55
745 417
887 256
93 56
164 514
155 105
429 873
191 361
997 112
904 970
979 815
702 563
547 28
168 484
911 181
193 194
931 278
465 134
493 500
942 740
347 580
161 106
413 278
362 822
623 199
474 79
903 734
0 722
597 965
870 559
299 209
808 564
636 801
399 615
926 746
799 645
42 300
376 282
547 165
621 320
597 273
461 875
430 640
633 492
497 33
264 999
880 71
319 574
123 731
291 439
766 582
337 555
253 762
608 645
602 807
971 527
553 401
939 205
599 248
69 212
110 595
44 308
495 114
72 901
14 279
880 551
348 343
630 651
229 327
772 392
449 193
272 891
277 121
842 5
63 748
491 366
170 247
759 349
623 884
825 549
745 179
18 381
742 685
531 447
390 13
278 636
907 122
863 397
0 726
983 807
100 4
951 715
203 356
183 660
864 171
485 550
329 599
167 908
486 332
574 153
497 303
896 802
340 772
135 279
814 456
215 270
310 624
28 300
633 918
543 224
412 755
544 961
859 970
884 215
366 160
167 301
247 275
714 463
224 930
968 58
201 723
721 744
769 585
173 66
58 308
275 882
69 855
389 122
11 679
791 703
732 480
968 277
907 31
828 541
900 277
810 197
418 635
427 206
897 110
71 749
131 313
357 317
503 660
8 71
738 102
577 675
747 488
964 319
248 348
68 519
485 641
863 284
318 802
65 462
270 962
129 526
731 991
515 219
112 288
642 963
122 845
174 803
739 465
194 83
351 417
765 124
436 614
76 817
333 565
392 403
305 818
132 510
456 786
20 224
215 295
796 850
256 91
857 831
981 298
650 664
260 968
304 746
434 669
349 217
345 155
979 780
125 110
212 983
764 321
2 718
441 297
523 793
306 846
76 497
729 913
100 4
725 407
917 62
584 309
927 52
312 195
649 119
4 671
15 586
303 117
191 560
691 253
677 106
281 252
922 308
182 631
988 766
676 469
478 830
406 533
167 563
845 656
648 823
905 257
371 342
316 162
802 313
606 302
222 91
133 858
775 388
596 900
410 15
128 537
718 650
168 717
544 840
75 455
371 271
826 836
940 234
878 923
525 565
151 816
174 379
766 638
116 249
685 488
982 583
107 193
474 177
324 686
887 149
190 395
938 192
860 551
458 840
246 96
830 9
904 13
81 305
418 399
532 538
706 240
126 691
751 497
687 702
32 806
790 73
407 55
594 963
176 873
56 92
14 436
310 180
684 237
788 545
862 183
688 744
796 570
753 143
67 837
937 212
817 392
900 159
151 672
644 323
63 541
68 441
660 676
95 943
403 266
306 685
179 686
988 557
511 244
191 568
274 652
987 132
460 614
891 192
577 958
498 899
498 557
801 258
100 4
342 793
692 26
981 219
638 369
571 700
917 300
763 52
669 975
332 617
515 828
18 347
898 816
178 488
824 960
484 777
633 427
421 47
785 473
735 371
509 132
987 186
882 804
281 133
442 794
9 176
382 686
759 498
359 173
182 761
498 306
368 285
618 206
876 983
35 685
263 92
365 932
684 962
89 652
261 722
823 421
281 533
706 305
710 305
975 592
433 641
689 851
941 825
747 624
410 849
509 869
58 197
330 477
321 496
290 606
80 413
903 953
470 361
271 173
733 147
548 742
141 702
559 524
313 637
271 904
208 669
161 628
772 211
898 22
131 657
501 448
183 148
946 663
762 829
998 530
199 348
506 647
236 748
434 752
434 178
704 309
597 473
916 522
159 931
931 211
340 433
346 961
265 128
827 161
838 819
318 291
720 43
60 100
522 520
315 827
669 156
638 571
757 442
138 336
956 933
137 606
704 169
647 837
137 358
188 682
100 4
319 0
928 787
961 829
635 687
939 558
128 765
142 271
409 654
147 683
151 572
681 207
429 859
302 918
493 502
592 140
395 669
726 441
804 267
597 369
138 123
320 22
692 988
601 739
323 366
480 700
24 951
817 348
601 906
207 44
435 149
886 217
300 459
474 328
241 551
749 847
976 728
412 189
71 945
142 446
518 99
291 37
942 138
742 760
840 285
980 377
99 518
904 401
258 932
611 421
215 776
227 606
775 345
907 783
315 176
650 290
546 277
84 330
155 424
475 745
15 487
38 60
9 193
80 488
784 503
838 777
385 46
286 274
336 305
113 895
691 182
857 503
815 314
779 592
691 712
827 427
37 517
74 528
768 987
240 549
722 139
104 599
782 951
91 4
797 921
998 506
768 353
456 952
561 281
273 310
725 243
957 844
479 647
818 377
178 647
112 945
458 467
355 159
451 395
91 677
813 966
166 356
279 696
61 560
174 140
100 4
506 664
683 371
943 687
609 779
529 275
452 609
204 232
246 588
421 213
749 246
110 146
36 91
179 851
995 670
601 258
191 530
135 341
243 124
494 323
576 288
847 185
111 481
507 411
587 105
469 525
445 674
304 775
550 120
751 539
121 43
993 819
157 361
621 23
937 794
26 399
516 668
218 653
895 906
320 498
39 297
439 440
657 532
894 647
21 204
598 977
764 5
555 337
23 311
651 873
154 82
322 869
768 33
705 895
432 321
52 397
301 325
688 802
939 635
499 5
852 765
506 514
545 868
938 489
345 996
770 867
141 153
210 917
432 452
520 537
281 424
908 356
855 194
553 627
714 654
989 824
747 860
48 941
793 11
134 775
623 50
526 993
418 467
223 487
578 765
85 106
129 879
259 160
70 896
411 212
488 424
104 303
717 814
354 801
847 460
502 386
51 120
787 941
805 568
693 659
129 71
894 963
755 815
33 891
167 359
100 5
55 25
824 93
249 848
77 51
331 9
470 913
880 45
977 571
403 709
929 943
807 334
735 230
453 55
476 308
19 473
611 985
686 975
80 254
955 486
845 58
758 142
594 927
977 346
836 524
747 57
380 110
823 116
952 52
53 114
560 570
532 256
714 659
515 199
339 649
302 462
49 197
865 802
22 372
33 618
621 655
215 502
782 68
191 935
905 210
302 6
730 554
922 609
578 598
588 670
970 823
564 499
144 351
840 505
747 927
173 34
531 189
599 617
946 482
351 796
721 116
427 501
110 839
334 746
586 272
476 832
826 19
393 671
951 909
928 740
113 912
109 553
75 41
681 268
524 27
169 440
792 265
193 986
338 557
546 943
580 10
424 474
769 987
71 913
460 515
644 317
866 220
926 876
571 454
936 115
346 974
322 479
121 663
612 951
361 924
202 607
947 752
394 892
376 945
376 540
469 433
204 783
181 194
488 409
517 665
900 917
100 5
95 162
942 685
655 735
225 964
847 446
84 119
264 487
533 832
564 498
933 330
563 294
732 369
347 683
514 572
427 982
328 135
834 427
251 239
339 386
642 646
333 254
672 896
489 248
165 370
543 790
209 487
476 403
215 777
873 877
177 866
651 553
186 901
624 702
363 934
539 281
576 490
314 174
869 946
43 671
952 904
449 623
191 986
602 675
685 662
637 941
808 883
194 464
641 127
715 16
429 908
779 558
923 456
460 672
366 728
270 24
370 684
744 29
889 323
25 930
168 380
907 598
468 366
166 709
841 95
330 631
418 143
282 283
493 641
69 776
589 141
875 445
241 785
462 208
344 600
290 31
425 411
520 399
904 831
250 506
895 627
272 173
60 611
640 535
95 609
599 424
464 376
502 521
643 195
257 305
360 465
923 642
944 238
504 195
523 342
595 267
401 578
623 839
553 121
20 404
735 339
922 438
621 467
932 516
999 713
618 410
100 5
790 324
217 602
384 708
826 746
226 976
866 89
112 42
669 101
175 553
876 383
707 724
702 529
838 932
237 632
860 7
808 401
850 267
20 118
549 34
944 286
678 539
822 79
232 602
86 497
485 826
985 477
944 721
589 246
68 361
395 965
197 483
890 143
358 303
400 943
519 684
949 44
607 383
391 172
182 519
170 949
80 806
360 171
310 363
499 114
42 643
715 512
805 343
71 845
338 540
274 773
498 623
320 408
643 465
301 855
403 12
410 133
23 686
95 821
130 977
349 890
995 108
952 142
276 905
782 302
426 773
246 404
239 1
743 669
337 582
371 654
489 252
704 25
856 167
970 652
531 56
821 931
645 961
759 687
431 552
878 648
345 256
709 978
495 949
380 211
156 346
666 458
543 274
515 117
949 934
789 827
804 672
765 249
768 279
302 833
981 708
936 791
282 541
189 61
339 178
295 343
178 776
131 245
584 535
794 509
646 893
100 5
716 819
13 132
29 788
501 230
492 283
764 220
848 341
953 567
80 375
54 249
594 323
428 258
188 73
15 395
230 206
766 104
918 353
152 712
470 954
32 446
333 890
119 531
685 342
933 106
774 777
546 32
468 452
678 504
59 804
853 986
712 816
198 590
687 260
444 475
782 91
708 134
842 209
800 638
976 571
846 800
177 725
82 377
111 157
581 571
670 823
35 431
266 241
553 567
828 445
39 60
176 690
792 420
111 34
149 578
429 548
384 901
998 817
995 626
718 754
51 892
893 433
734 145
850 606
303 493
260 633
833 876
765 323
406 683
525 167
486 780
339 407
236 998
591 45
706 744
725 283
854 35
741 189
591 804
964 815
18 364
270 85
806 306
835 67
299 147
744 435
948 566
144 855
355 982
766 399
55 754
483 106
346 866
85 953
122 431
454 429
451 292
40 524
384 341
874 971
250 634
946 688
927 401
540 799
889 5
320 927
100 5
954 755
111 841
633 255
22 962
897 363
846 433
948 809
138 618
307 139
584 694
715 954
832 69
958 386
679 61
223 800
129 899
761 801
434 204
259 622
15 424
398 815
624 953
681 638
225 2
397 590
353 425
51 669
941 951
522 903
733 752
426 795
945 133
490 837
99 606
159 668
344 861
717 861
447 531
178 438
719 897
966 392
469 837
279 21
800 90
871 62
187 935
299 438
609 12
826 184
624 118
7 375
634 261
542 889
246 210
366 973
195 958
92 995
522 992
868 798
801 331
272 873
254 575
531 450
275 551
319 645
534 504
290 448
942 603
4 586
279 180
437 914
123 119
849 60
242 870
953 501
969 330
873 469
568 841
799 571
29 926
341 767
885 713
213 60
305 945
611 833
504 805
403 641
98 247
348 661
34 280
835 457
69 768
175 224
962 202
425 988
706 901
687 281
235 548
288 781
341 183
58 911
657 50
958 530
16 262
337 225
100 10
78 403
436 172
395 721
598 360
598 501
880 463
503 56
902 840
951 196
441 557
946 691
176 967
173 15
20 971
901 908
618 826
894 795
424 474
694 72
774 490
362 237
632 491
68 919
520 781
601 57
449 934
207 840
770 849
292 324
616 385
890 955
199 74
468 244
35 804
391 119
52 577
882 758
424 985
8 787
178 829
909 370
56 69
324 835
324 223
479 824
978 258
228 583
605 419
994 763
998 339
808 163
388 139
659 506
682 369
718 712
396 11
579 659
114 905
733 63
459 904
809 763
7 280
558 297
474 826
253 204
780 930
860 750
903 552
475 325
354 631
508 668
186 126
231 43
859 117
809 738
558 736
154 49
813 553
960 943
714 262
985 726
376 181
3 252
917 43
316 384
104 329
196 508
443 150
209 883
783 815
858 719
979 701
136 780
680 199
620 663
36 93
379 160
787 348
13 864
385 468
478 431
88 404
935 115
123 732
928 147
5 588
168 604
849 169
536 580
817 520
100 10
464 35
325 396
195 210
686 682
702 766
986 531
177 683
424 130
949 138
64 807
761 351
146 227
670 100
254 784
293 74
283 111
434 57
298 933
422 951
468 897
369 562
398 430
338 343
176 479
356 730
473 12
439 683
171 602
733 96
534 633
962 439
219 897
942 425
465 959
331 850
655 125
389 887
879 389
560 265
315 829
244 290
443 817
425 340
455 276
314 346
288 183
932 217
331 704
973 285
959 133
874 251
614 238
5 923
576 872
574 805
648 669
174 942
80 125
829 640
433 586
838 503
330 973
808 21
303 431
955 647
315 660
399 789
546 405
326 388
745 157
731 950
638 55
421 435
66 471
704 569
795 484
319 343
528 763
902 976
691 99
128 891
187 278
328 157
29 336
777 546
196 884
121 372
90 93
840 976
19 322
944 777
538 809
877 52
296 921
35 714
701 593
477 18
668 674
70 301
73 973
626 184
293 111
144 554
625 115
794 358
900 882
742 14
539 245
732 736
615 530
100 10
513 312
691 393
520 366
264 942
265 676
152 383
313 6
91 756
471 669
159 279
692 448
72 371
510 499
778 530
27 474
946 745
482 916
420 412
715 309
611 84
938 711
545 628
833 954
493 939
285 974
776 77
347 729
676 184
463 314
449 192
905 251
626 541
355 909
398 294
586 399
123 447
179 975
221 904
250 740
712 724
629 196
880 610
930 147
616 871
633 807
896 83
47 690
882 348
65 420
145 47
433 64
775 310
424 219
450 169
966 973
817 737
805 835
441 966
414 10
275 499
383 578
722 381
491 826
232 660
39 62
930 999
32 79
5 296
271 759
51 295
541 264
894 959
72 253
323 844
802 732
162 169
634 194
960 887
728 862
914 287
179 994
137 646
677 590
805 609
73 91
417 934
618 812
269 434
712 560
258 303
91 997
767 147
127 696
907 416
395 618
226 647
480 639
229 637
792 312
493 874
245 117
41 32
338 90
207 23
430 220
28 297
706 710
618 924
208 469
177 97
100 10
151 332
979 379
267 700
422 24
256 117
924 287
547 503
840 3
841 533
234 601
404 156
597 606
444 54
205 406
699 472
382 759
703 533
374 102
210 536
80 112
675 469
743 446
880 727
464 572
568 876
263 785
985 8
708 177
9 847
846 411
966 500
280 698
693 291
193 801
512 518
508 32
891 514
498 34
343 215
631 942
144 700
925 678
318 458
939 110
451 128
246 213
956 365
427 464
434 643
240 31
619 913
167 490
348 361
91 254
138 133
215 496
974 13
553 652
551 980
929 323
231 701
70 720
471 350
72 21
676 396
745 285
949 638
627 43
640 59
616 477
0 572
470 315
478 692
380 0
390 630
155 51
23 504
633 199
672 143
693 946
375 101
568 328
251 734
410 385
359 115
575 222
530 197
479 308
636 645
319 271
966 650
545 135
412 709
943 769
811 330
399 718
260 686
674 312
245 199
386 891
290 780
146 608
783 133
340 55
626 835
233 935
750 800
299 345
156 650
215 441
100 10
796 85
155 954
993 675
178 436
909 690
109 411
533 362
956 266
652 736
259 48
735 475
541 783
440 207
709 534
41 892
295 586
367 947
73 511
959 727
657 284
815 411
828 564
68 270
916 936
474 73
923 248
76 900
622 61
987 281
664 12
818 474
266 814
141 172
877 930
561 383
287 953
645 558
128 67
647 31
862 34
557 813
525 388
52 805
371 225
623 191
818 782
29 967
668 915
938 206
605 458
73 940
34 163
790 931
133 666
547 796
831 638
389 639
87 34
705 933
846 339
248 330
613 758
283 631
608 2
238 466
205 500
438 107
672 192
441 62
587 498
984 605
944 615
299 146
271 984
495 635
17 490
425 50
505 482
277 702
950 783
102 689
946 548
616 677
376 244
589 87
512 804
135 928
186 511
722 504
540 770
648 987
666 612
45 759
391 555
22 655
536 467
181 267
420 709
585 820
776 820
583 969
776 354
398 314
518 90
83 240
498 849
160 240
743 386
311 225
328 662
100 50
997 267
336 164
515 863
646 221
386 161
441 478
708 586
132 172
516 329
105 118
548 480
397 413
50 184
957 198
499 627
984 714
439 889
403 903
295 321
54 138
987 575
345 669
221 75
438 832
70 991
162 975
300 207
555 947
406 731
927 168
386 220
414 463
874 555
530 553
881 823
136 539
689 163
706 901
744 13
786 832
582 72
685 120
526 593
688 213
86 652
854 454
444 333
763 772
604 192
697 377
294 96
564 760
40 825
780 297
132 38
337 802
705 523
155 546
703 627
748 370
968 711
109 182
119 491
847 124
578 21
676 852
111 929
54 550
341 575
99 838
981 528
599 872
936 89
649 865
210 182
24 220
401 539
787 216
301 427
576 767
887 680
639 150
176 190
440 896
817 756
186 506
943 336
285 227
65 770
92 945
899 883
526 778
364 790
646 453
203 200
139 39
782 590
369 415
642 563
406 62
785 609
265 722
594 297
912 490
847 809
926 529
591 623
892 482
296 848
752 646
447 604
187 935
750 56
624 482
564 597
185 683
265 442
884 737
892 500
678 296
592 628
107 358
494 193
834 871
474 771
6 149
939 967
644 18
114 491
294 75
405 790
236 291
453 541
707 754
680 728
754 230
82 922
876 509
743 855
497 921
710 948
152 60
577 252
876 808
193 673
246 912
749 819
723 41
987 898
617 946
100 50
839 172
359 247
89 292
720 542
355 84
194 848
114 410
985 178
691 588
140 465
915 649
990 70
805 274
283 359
844 95
688 987
886 379
486 308
886 168
409 517
531 7
58 910
531 366
107 497
492 844
462 746
27 288
488 358
851 49
230 288
29 6
791 330
44 725
550 88
63 221
332 67
869 683
989 313
858 327
420 147
195 626
951 104
133 50
21 644
444 687
868 32
612 991
97 406
380 512
873 392
797 996
219 348
421 671
492 568
529 305
986 702
356 313
585 363
52 710
192 85
336 337
860 518
57 321
158 675
663 833
488 988
649 337
429 397
231 104
921 159
194 845
796 180
843 246
418 851
800 150
455 499
77 631
480 719
966 295
328 420
715 16
437 413
808 604
9 526
876 529
70 404
261 363
453 208
808 862
908 366
65 765
203 872
567 726
862 788
306 368
28 809
746 284
833 185
191 876
482 429
774 665
820 901
153 820
788 298
171 227
333 675
45 201
487 649
996 121
843 553
731 456
64 36
976 945
634 46
408 86
964 637
92 300
522 793
968 853
829 186
794 361
951 593
565 582
404 87
238 443
780 330
926 72
747 10
520 320
880 657
901 188
270 852
252 585
93 794
51 846
441 334
837 169
398 285
848 409
987 955
786 961
74 194
25 572
559 887
128 10
287 277
204 846
479 494
410 12
566 843
100 50
25 414
862 3
57 18
817 274
441 881
568 152
164 404
630 145
958 688
781 883
358 176
764 101
532 385
961 840
649 529
134 819
870 544
686 193
372 447
685 870
641 554
147 149
623 922
986 438
611 510
901 362
994 714
658 61
464 907
507 486
281 707
714 535
987 712
446 713
25 229
174 459
542 45
452 250
647 964
927 165
486 779
204 477
524 749
734 675
653 357
310 464
243 833
235 860
43 139
240 290
630 961
465 735
980 622
469 235
247 696
551 594
137 887
487 175
166 655
722 672
961 670
582 778
841 603
288 679
53 890
501 248
481 61
542 210
359 459
685 481
19 865
338 280
170 823
335 615
807 329
63 133
889 922
268 940
518 772
659 197
973 452
951 314
883 24
792 653
399 523
153 523
514 661
504 472
820 2
535 786
871 299
781 469
807 327
48 630
21 556
928 937
753 536
392 403
119 271
371 288
576 245
78 826
71 964
126 862
240 85
897 689
196 879
373 293
43 556
245 50
382 444
326 20
485 110
263 513
124 356
373 543
607 63
117 733
232 205
607 138
498 904
842 115
401 572
84 404
851 751
210 247
101 843
316 83
186 119
705 150
113 755
177 942
603 749
550 545
849 982
580 423
659 230
135 372
958 515
690 752
864 930
540 695
715 535
466 865
259 587
931 921
372 286
926 51
474 473
656 112
100 50
299 786
226 741
138 894
604 774
515 356
695 263
448 232
82 88
927 845
258 82
238 725
175 6
402 94
428 610
49 219
200 282
787 733
873 10
268 833
564 539
749 723
748 690
41 498
563 969
904 572
111 880
368 111
954 348
221 155
177 318
385 370
852 893
108 215
770 984
908 906
12 780
347 405
668 425
141 234
700 137
140 567
191 76
588 784
860 570
420 689
179 504
974 508
121 867
824 773
334 251
591 982
37 7
759 300
169 225
577 329
78 214
968 791
433 105
182 271
837 616
127 145
742 831
420 867
407 164
49 903
352 297
652 639
826 276
120 898
379 720
624 271
681 919
513 593
351 963
784 284
60 919
666 738
841 741
163 767
25 767
361 389
765 108
378 330
79 534
302 367
770 165
504 48
799 689
697 822
505 60
158 346
842 949
116 397
974 85
139 75
815 337
358 208
332 480
13 747
697 439
161 29
884 909
61 916
339 386
475 579
985 852
798 734
456 270
323 518
228 314
134 266
267 900
642 229
782 310
457 406
293 538
845 256
296 233
823 296
854 472
436 469
772 634
154 423
70 438
623 328
191 350
805 845
572 920
389 975
836 304
175 558
329 908
182 342
447 215
206 781
11 963
838 209
512 274
874 377
383 435
640 793
811 130
849 512
997 832
263 8
641 652
489 363
837 195
765 29
743 625
100 50
513 270
352 678
564 624
912 929
579 924
738 698
17 652
19 577
588 409
652 892
148 468
970 389
354 570
454 494
472 628
670 158
709 186
765 98
420 653
34 136
576 957
167 806
250 204
24 989
435 998
879 170
404 573
540 788
970 282
779 106
925 303
901 872
117 638
443 239
631 519
963 692
143 99
726 74
327 876
349 31
563 61
589 309
673 273
797 42
317 837
895 777
116 369
553 709
628 198
502 647
185 416
393 404
645 515
160 768
323 735
558 707
190 870
302 864
0 302
680 90
797 289
341 58
351 864
34 883
381 696
560 270
233 78
952 32
777 75
655 984
306 445
959 691
759 284
277 349
369 12
664 668
749 879
755 760
762 784
557 5
379 32
293 53
711 41
461 464
36 759
271 178
389 840
646 271
12 235
116 181
564 777
808 81
141 2
650 552
136 588
66 563
849 453
830 455
410 960
440 514
80 182
301 436
61 519
651 473
473 186
980 257
788 649
216 43
739 709
974 336
298 590
359 490
563 317
918 698
635 540
591 500
792 665
51 41
659 993
831 423
320 124
62 106
411 412
796 74
713 988
115 948
467 237
603 980
852 19
844 244
344 922
455 475
449 51
127 465
367 373
234 832
126 500
289 839
961 127
39 715
557 427
498 825
609 140
345 16
588 317
690 155
656 991
33 857
152 826
481 568
100 100
904 28
706 389
524 412
122 485
869 65
924 478
444 155
275 636
145 927
192 187
615 933
720 882
511 942
412 956
725 922
842 957
741 354
635 481
275 596
592 104
243 816
280 408
286 764
762 309
2 707
682 207
811 935
731 292
976 56
969 32
21 901
582 224
520 540
841 475
184 470
775 675
845 660
409 130
546 848
574 29
754 699
473 947
499 650
518 911
150 315
897 941
199 44
176 843
590 470
254 573
540 374
745 211
457 789
184 729
511 905
806 406
480 141
873 704
381 526
764 630
899 855
512 284
424 626
507 482
82 997
859 623
109 192
158 369
210 87
93 473
998 961
22 991
94 830
117 154
772 548
461 406
917 939
189 321
100 672
262 553
616 933
232 281
301 652
888 14
565 522
697 366
650 420
320 988
722 459
260 601
125 762
707 852
136 695
677 331
884 249
43 183
76 617
687 495
710 764
50 374
698 522
110 70
252 868
90 376
862 2
886 118
50 801
726 735
141 141
130 50
411 504
240 135
748 481
851 258
770 272
8 371
718 445
453 161
272 57
139 229
842 61
832 419
205 796
667 274
327 91
843 248
334 282
286 411
859 536
974 872
106 512
231 930
203 971
397 37
471 100
260 274
833 810
499 587
262 859
712 53
553 783
407 281
888 432
909 310
141 165
385 528
805 189
627 611
741 953
853 83
504 745
811 779
261 354
148 97
44 27
669 349
557 782
931 648
444 646
253 676
639 100
235 717
361 793
365 752
167 461
882 754
831 27
932 970
29 110
292 57
74 752
583 234
342 913
206 531
4 346
45 654
922 101
177 17
581 18
332 503
524 32
748 850
31 377
705 432
941 492
337 944
625 893
659 633
9 439
483 187
160 475
729 334
698 627
903 509
374 438
897 150
53 833
606 145
894 309
782 678
100 100
597 707
282 471
960 841
872 25
130 792
270 117
661 514
743 925
701 109
665 353
956 737
576 503
165 714
867 125
803 884
881 413
559 255
931 404
226 776
997 241
103 510
390 535
493 840
784 544
139 305
763 696
138 251
987 725
275 112
777 315
950 331
349 316
756 4
227 677
370 510
494 951
961 236
888 73
789 59
273 931
383 651
917 13
844 616
179 643
684 734
74 130
229 408
291 187
773 382
817 865
466 731
334 936
674 117
608 821
369 515
290 859
265 199
598 380
443 257
907 359
686 437
874 521
286 408
515 923
70 518
893 207
355 763
969 344
60 129
563 690
131 907
674 665
957 584
804 968
859 86
860 929
589 197
446 323
115 158
162 96
428 795
721 951
911 405
904 180
746 97
131 783
249 474
224 512
103 56
439 128
481 241
10 196
113 95
43 317
679 826
418 769
797 208
338 360
346 421
933 65
948 85
472 383
371 527
119 235
660 457
751 630
522 540
93 178
627 430
239 594
855 461
958 190
219 443
933 126
548 950
885 990
426 588
295 792
790 398
760 163
521 581
415 423
858 998
948 517
582 264
457 89
376 32
525 235
730 195
5 715
949 729
278 206
50 72
784 291
372 8
284 800
900 695
42 892
844 676
593 722
263 606
971 331
100 83
826 283
706 981
447 54
691 588
750 92
76 42
899 854
593 920
101 134
557 800
519 641
759 627
239 787
949 382
824 519
916 110
947 167
176 987
980 453
579 201
866 554
596 102
929 36
570 577
625 986
494 362
188 731
847 219
753 254
925 188
692 240
974 952
521 788
951 456
944 334
444 81
340 26
627 523
935 568
549 439
187 461
12 452
2 927
465 31
641 403
555 351
491 410
596 902
575 706
403 706
435 397
831 899
564 941
575 847
670 782
909 473
31 276
100 100
172 883
443 704
311 139
789 31
464 129
354 365
646 336
405 442
963 735
919 334
320 813
27 766
641 525
9 472
57 899
46 27
414 815
911 39
733 827
241 309
19 486
303 247
219 999
907 799
798 53
734 326
745 924
679 715
677 767
919 424
171 144
810 982
675 510
633 399
877 833
974 35
815 858
416 31
142 559
251 893
389 958
66 179
865 581
663 322
589 228
402 15
328 668
648 390
300 597
135 817
234 480
622 884
745 464
588 667
335 903
8 400
895 5
893 817
728 38
39 475
708 626
740 664
464 564
799 885
403 772
845 176
915 387
918 782
917 146
791 480
866 647
376 72
463 850
263 781
976 4
669 896
979 449
648 407
201 858
47 689
424 740
757 147
770 814
746 376
635 908
291 256
39 909
921 212
13 66
846 709
384 605
555 624
967 328
426 932
705 365
844 205
135 577
860 679
612 799
194 417
144 166
561 690
562 322
955 356
380 94
453 446
976 592
178 160
378 345
325 458
198 54
966 752
524 546
836 710
893 359
565 688
756 995
960 814
413 645
553 342
650 445
152 422
357 528
37 913
152 498
782 876
842 690
891 14
582 924
905 251
421 215
448 135
352 913
225 920
423 977
659 27
970 835
118 577
741 446
275 662
816 244
571 701
344 523
354 804
771 85
41 508
620 809
74 526
776 324
231 58
884 326
693 992
598 250
349 334
962 833
784 73
163 842
779 234
931 177
764 516
734 991
170 450
141 256
864 514
151 800
931 214
376 430
617 983
556 56
465 208
872 211
146 132
959 747
174 890
680 263
786 107
729 939
157 762
525 713
966 76
44 554
962 929
243 692
536 182
514 272
744 545
238 847
929 132
815 370
509 290
278 731
173 545
43 679
939 933
268 149
172 741
927 638
296 621
571 195
75 539
100 100
655 933
998 428
717 179
122 279
265 46
549 76
312 774
624 781
450 563
443 558
513 521
522 811
712 317
188 977
811 93
804 756
917 563
609 122
908 154
629 270
944 284
98 297
755 737
341 835
319 888
627 829
932 737
368 657
327 244
990 732
816 171
120 197
110 995
190 965
112 883
97 32
795 835
778 809
234 88
295 887
533 379
280 516
507 103
549 209
130 877
741 716
760 214
136 770
374 646
157 109
307 418
161 491
331 537
296 726
45 330
814 368
733 521
58 898
528 669
239 83
748 828
258 512
460 368
268 733
36 89
275 954
894 705
495 508
869 153
587 576
565 986
34 172
29 249
742 548
175 777
113 305
509 146
396 834
931 37
378 380
548 965
481 160
205 50
602 266
847 487
86 117
916 851
11 697
865 83
826 116
512 949
543 214
227 9
70 782
42 569
402 694
113 466
561 8
148 356
903 588
534 168
569 340
407 849
118 433
753 813
329 657
809 792
429 628
771 49
21 31
188 676
622 638
139 452
235 664
599 142
223 204
44 102
104 420
409 948
560 684
588 580
18 621
339 280
144 818
59 949
733 518
446 9
417 147
139 257
974 360
831 180
659 185
860 115
362 320
205 980
30 231
964 6
803 347
439 598
560 52
751 873
909 360
112 444
590 492
484 627
598 229
770 982
784 119
12 344
400 640
196 492
932 245
844 435
629 131
621 282
148 380
812 378
370 87
238 980
490 457
743 606
975 609
866 996
641 156
5 444
438 34
345 704
569 749
666 512
597 694
608 476
720 272
632 88
709 499
859 523
77 508
520 398
846 91
621 430
776 16
76 188
603 898
308 917
93 95
267 497
613 218
591 538
6 6
106 712
251 515
227 530
943 208
51 385
760 794
418 581
244 102
491 752
258 900
623 69
304 156
100 100
684 719
311 922
565 14
931 193
731 654
925 732
980 10
160 963
87 111
522 248
975 199
922 278
166 969
847 590
744 684
423 290
493 61
136 22
575 357
396 958
475 339
151 366
377 361
345 579
790 948
647 88
212 928
919 390
960 392
56 351
957 691
28 535
439 721
419 512
907 840
26 3
282 820
986 767
570 949
323 865
106 884
427 381
80 60
9 415
654 312
922 138
655 75
540 528
31 125
678 824
718 18
694 639
463 758
745 619
992 422
933 746
336 952
719 593
296 873
593 662
105 275
133 653
755 927
8 555
515 597
755 454
727 784
22 421
889 274
500 42
609 960
709 923
728 175
413 909
565 435
642 350
100 246
543 313
214 418
141 858
743 678
71 948
222 530
575 929
610 938
493 267
501 958
562 717
845 48
964 145
531 481
872 341
330 711
888 923
516 545
396 489
676 644
86 502
547 668
83 904
581 54
87 147
826 260
738 657
391 199
326 521
133 925
255 68
658 16
480 54
340 111
963 581
453 3
954 968
9 556
86 480
432 203
371 546
843 746
678 26
952 72
583 382
297 659
40 692
619 636
147 409
102 19
254 687
367 249
631 404
830 725
146 159
858 474
664 568
120 460
481 311
933 310
964 559
640 129
857 59
278 178
205 707
560 201
730 418
180 798
690 965
501 332
735 81
683 803
692 507
834 213
536 712
776 450
236 964
598 852
326 390
317 600
721 362
421 872
858 822
367 103
620 821
505 761
705 38
529 30
280 858
140 342
796 871
847 565
3 648
412 159
486 18
838 527
28 944
473 819
642 759
555 416
110 652
517 735
876 946
590 659
476 51
571 707
433 533
825 295
925 27
619 151
415 901
955 467
609 479
597 445
83 482
18 289
188 394
902 902
368 259
4 481
272 895
85 502
518 258
31 30
100 880
513 338
263 200
908 568
840 796
599 824
393 729
246 616
745 229
895 137
570 95
131 257
144 359
231 362
670 509
801 739
774 945
447 572
256 784
240 858
529 317
36 392
333 142
701 180
437 523
354 957
638 666
828 801
972 433
612 646
538 317
165 318
563 224
846 382
815 638
504 765
231 753
168 479
374 270
396 88
896 152
752 420
438 624
531 846
815 806
436 456
78 564
65 219
259 157
641 97
893 428
613 886
327 925
132 824
146 590
521 426
673 320
541 235
289 212
54 496
822 789
0 0
